5.00000000       0.00000000      -1.00000000    
   4.82962847     -0.969693661      -1.85696220    
   4.33012390      -1.87330401      -2.65552378    
   3.53552771      -2.64925122      -3.34126329    
   2.49998951      -3.24465561      -3.86744928    
   1.29408026      -3.61894083      -4.19822216    
  -1.80999505E-05  -3.74660015      -4.31104040    
  -1.29411530      -3.61893368      -4.19821548    
  -2.50002098      -3.24464178      -3.86743712    
  -3.53555322      -2.64923167      -3.34124613    
  -4.33014250      -1.87328005      -2.65550256    
  -4.82963753     -0.969667673      -1.85693932    
  -5.00000000       2.71253102E-05 -0.999976039    
  -4.82961893      0.969720125     -0.143014371    
  -4.33010626       1.87332702      0.655544043    
  -3.53550196       2.64927030       1.34128022    
  -2.49995804       3.24466896       1.86746097    
  -1.29404652       3.61894774       2.19822812    
   5.48958997E-05   3.74660015       2.31104040    
   1.29415035       3.61892700       2.19820976    
   2.50005341       3.24462795       1.86742473    
   3.53557873       2.64921260       1.34122920    
   4.33016014       1.87325740      0.655482411    
   4.82964706      0.969640672     -0.143084586    
   5.00000000      -5.42506205E-05  -1.00004792    