   5.00000000       0.00000000      -1.00000000    
   4.82962847      0.779596984      -2.03291750    
   4.33012390       1.50606549      -2.99544311    
   3.53552771       2.12989759      -3.82198191    
   2.49998951       2.60858035      -4.45620680    
   1.29408026       2.90949130      -4.85489559    
  -1.80999505E-05   3.01212454      -4.99087811    
  -1.29411530       2.90948558      -4.85488796    
  -2.50002098       2.60856915      -4.45619202    
  -3.53555322       2.12988186      -3.82196116    
  -4.33014250       1.50604618      -2.99541759    
  -4.82963753      0.779576063      -2.03288984    
  -5.00000000      -2.18077221E-05 -0.999971092    
  -4.82961893     -0.779618204       3.29456329E-02
  -4.33010626      -1.50608397      0.995467663    
  -3.53550196      -2.12991309       1.82200241    
  -2.49995804      -2.60859084       2.45622087    
  -1.29404652      -2.90949678       2.85490251    
   5.48958997E-05  -3.01212454       2.99087787    
   1.29415035      -2.90948009       2.85488033    
   2.50005341      -2.60855794       2.45617700    
   3.53557873      -2.12986660       1.82194090    
   4.33016014      -1.50602794      0.995393395    
   4.82964706     -0.779554367       3.28611135E-02
   5.00000000       4.36154442E-05  -1.00005782    
   5.00000000       0.00000000      -1.00000000    
   4.82962847      0.400504172      -2.23056340    
   4.33012390      0.773714542      -3.37726569    
   3.53552771       1.09419727      -4.36196041    
   2.49998951       1.34011209      -5.11754227    
   1.29408026       1.49469984      -5.59251881    
  -1.80999505E-05   1.54742587      -5.75452137    
  -1.29411530       1.49469686      -5.59250975    
  -2.50002098       1.34010637      -5.11752462    
  -3.53555322       1.09418929      -4.36193562    
  -4.33014250      0.773704648      -3.37723517    
  -4.82963753      0.400493443      -2.23053026    
  -5.00000000      -1.12033322E-05 -0.999965549    
  -4.82961893     -0.400515109      0.230597019    
  -4.33010626     -0.773724079       1.37729478    
  -3.53550196      -1.09420514       2.36198449    
  -2.49995804      -1.34011757       3.11755896    
  -1.29404652      -1.49470270       3.59252739    
   5.48958997E-05  -1.54742587       3.75452137    
   1.29415035      -1.49469411       3.59250116    
   2.50005341      -1.34010053       3.11750698    
   3.53557873      -1.09418130       2.36191130    
   4.33016014     -0.773695290       1.37720633    
   4.82964706     -0.400482297      0.230496168    
   5.00000000       2.24066644E-05  -1.00006890    
   5.00000000       0.00000000      -1.00000000    
   4.82962847      0.776280403      -2.03541231    
   4.33012390       1.49965835      -3.00026274    
   3.53552771       2.12083673      -3.82879806    
   2.49998951       2.59748292      -4.46455479    
   1.29408026       2.89711404      -4.86420631    
  -1.80999505E-05   2.99931049      -5.00051689    
  -1.29411530       2.89710832      -4.86419868    
  -2.50002098       2.59747171      -4.46453953    
  -3.53555322       2.12082100      -3.82877707    
  -4.33014250       1.49963927      -3.00023723    
  -4.82963753      0.776259601      -2.03538465    
  -5.00000000      -2.17149482E-05 -0.999971032    
  -4.82961893     -0.776301563       3.54405642E-02
  -4.33010626      -1.49967682       1.00028729    
  -3.53550196      -2.12085199       1.82881832    
  -2.49995804      -2.59749341       2.46456861    
  -1.29404652      -2.89711928       2.86421323    
   5.48958997E-05  -2.99931049       3.00051689    
   1.29415035      -2.89710283       2.86419129    
   2.50005341      -2.59746051       2.46452475    
   3.53557873      -2.12080574       1.82875681    
   4.33016014      -1.49962103       1.00021291    
   4.82964706     -0.776238024       3.53558064E-02
   5.00000000       4.34298963E-05  -1.00005794    
   5.00000000       0.00000000      -1.00000000    
   4.82962847       1.17154098      -1.54971063    
   4.33012390       2.26324296      -2.06195927    
   3.53552771       3.20070815      -2.50183678    
   2.49998951       3.92004943      -2.83936596    
   1.29408026       4.37224436      -3.05154514    
  -1.80999505E-05   4.52647638      -3.12391400    
  -1.29411530       4.37223577      -3.05154109    
  -2.50002098       3.92003274      -2.83935833    
  -3.53555322       3.20068455      -2.50182557    
  -4.33014250       2.26321411      -2.06194544    
  -4.82963753       1.17150962      -1.54969585    
  -5.00000000      -3.27716007E-05 -0.999984622    
  -4.82961893      -1.17157292     -0.450274408    
  -4.33010626      -2.26327085       6.19722605E-02
  -3.53550196      -3.20073128      0.501847506    
  -2.49995804      -3.92006540      0.839373589    
  -1.29404652      -4.37225246       1.05154896    
   5.48958997E-05  -4.52647638       1.12391400    
   1.29415035      -4.37222767       1.05153704    
   2.50005341      -3.92001581      0.839350343    
   3.53557873      -3.20066142      0.501814842    
   4.33016014      -2.26318669       6.19328022E-02
   4.82964706      -1.17147696     -0.450319409    
   5.00000000       6.55432013E-05  -1.00003076    
   5.00000000       0.00000000      -1.00000000    
   4.82962847      0.812770784      -2.00702214    
   4.33012390       1.57015240      -2.94541717    
   3.53552771       2.22053003      -3.75123453    
   2.49998951       2.71958208      -4.36955929    
   1.29408026       3.03329754      -4.75825262    
  -1.80999505E-05   3.14029813      -4.89082623    
  -1.29411530       3.03329158      -4.75824547    
  -2.50002098       2.71957040      -4.36954498    
  -3.53555322       2.22051382      -3.75121427    
  -4.33014250       1.57013226      -2.94539213    
  -4.82963753      0.812749028      -2.00699520    
  -5.00000000      -2.27356959E-05 -0.999971807    
  -4.82961893     -0.812792957       7.04967976E-03
  -4.33010626      -1.57017171      0.945441127    
  -3.53550196      -2.22054625       1.75125432    
  -2.49995804      -2.71959305       2.36957288    
  -1.29404652      -3.03330326       2.75825977    
   5.48958997E-05  -3.14029813       2.89082623    
   1.29415035      -3.03328586       2.75823808    
   2.50005341      -2.71955872       2.36953020    
   3.53557873      -2.22049785       1.75119448    
   4.33016014      -1.57011330      0.945368767    
   4.82964706     -0.812726378       6.96718693E-03
   5.00000000       4.54713918E-05  -1.00005639    
   5.00000000       0.00000000      -1.00000000    
   4.82962847      0.779596984      -2.03291750    
   4.33012390       1.50606549      -2.99544311    
   3.53552771       2.12989759      -3.82198191    
   2.49998951       2.60858035      -4.45620680    
   1.29408026       2.90949130      -4.85489559    
  -1.80999505E-05   3.01212454      -4.99087811    
  -1.29411530       2.90948558      -4.85488796    
  -2.50002098       2.60856915      -4.45619202    
  -3.53555322       2.12988186      -3.82196116    
  -4.33014250       1.50604618      -2.99541759    
  -4.82963753      0.779576063      -2.03288984    
  -5.00000000      -2.18077221E-05 -0.999971092    
  -4.82961893     -0.779618204       3.29456329E-02
  -4.33010626      -1.50608397      0.995467663    
  -3.53550196      -2.12991309       1.82200241    
  -2.49995804      -2.60859084       2.45622087    
  -1.29404652      -2.90949678       2.85490251    
   5.48958997E-05  -3.01212454       2.99087787    
   1.29415035      -2.90948009       2.85488033    
   2.50005341      -2.60855794       2.45617700    
   3.53557873      -2.12986660       1.82194090    
   4.33016014      -1.50602794      0.995393395    
   4.82964706     -0.779554367       3.28611135E-02
   5.00000000       4.36154442E-05  -1.00005782    
   5.00000000       0.00000000      -1.00000000    
   4.82962847      0.400504172      -2.23056340    
   4.33012390      0.773714542      -3.37726569    
   3.53552771       1.09419727      -4.36196041    
   2.49998951       1.34011209      -5.11754227    
   1.29408026       1.49469984      -5.59251881    
  -1.80999505E-05   1.54742587      -5.75452137    
  -1.29411530       1.49469686      -5.59250975    
  -2.50002098       1.34010637      -5.11752462    
  -3.53555322       1.09418929      -4.36193562    
  -4.33014250      0.773704648      -3.37723517    
  -4.82963753      0.400493443      -2.23053026    
  -5.00000000      -1.12033322E-05 -0.999965549    
  -4.82961893     -0.400515109      0.230597019    
  -4.33010626     -0.773724079       1.37729478    
  -3.53550196      -1.09420514       2.36198449    
  -2.49995804      -1.34011757       3.11755896    
  -1.29404652      -1.49470270       3.59252739    
   5.48958997E-05  -1.54742587       3.75452137    
   1.29415035      -1.49469411       3.59250116    
   2.50005341      -1.34010053       3.11750698    
   3.53557873      -1.09418130       2.36191130    
   4.33016014     -0.773695290       1.37720633    
   4.82964706     -0.400482297      0.230496168    
   5.00000000       2.24066644E-05  -1.00006890    
   5.00000000       0.00000000      -1.00000000    
   4.82962847      0.776280403      -2.03541231    
   4.33012390       1.49965835      -3.00026274    
   3.53552771       2.12083673      -3.82879806    
   2.49998951       2.59748292      -4.46455479    
   1.29408026       2.89711404      -4.86420631    
  -1.80999505E-05   2.99931049      -5.00051689    
  -1.29411530       2.89710832      -4.86419868    
  -2.50002098       2.59747171      -4.46453953    
  -3.53555322       2.12082100      -3.82877707    
  -4.33014250       1.49963927      -3.00023723    
  -4.82963753      0.776259601      -2.03538465    
  -5.00000000      -2.17149482E-05 -0.999971032    
  -4.82961893     -0.776301563       3.54405642E-02
  -4.33010626      -1.49967682       1.00028729    
  -3.53550196      -2.12085199       1.82881832    
  -2.49995804      -2.59749341       2.46456861    
  -1.29404652      -2.89711928       2.86421323    
   5.48958997E-05  -2.99931049       3.00051689    
   1.29415035      -2.89710283       2.86419129    
   2.50005341      -2.59746051       2.46452475    
   3.53557873      -2.12080574       1.82875681    
   4.33016014      -1.49962103       1.00021291    
   4.82964706     -0.776238024       3.53558064E-02
   5.00000000       4.34298963E-05  -1.00005794    
   5.00000000       0.00000000      -1.00000000    
   4.82962847       1.17154098      -1.54971063    
   4.33012390       2.26324296      -2.06195927    
   3.53552771       3.20070815      -2.50183678    
   2.49998951       3.92004943      -2.83936596    
   1.29408026       4.37224436      -3.05154514    
  -1.80999505E-05   4.52647638      -3.12391400    
  -1.29411530       4.37223577      -3.05154109    
  -2.50002098       3.92003274      -2.83935833    
  -3.53555322       3.20068455      -2.50182557    
  -4.33014250       2.26321411      -2.06194544    
  -4.82963753       1.17150962      -1.54969585    
  -5.00000000      -3.27716007E-05 -0.999984622    
  -4.82961893      -1.17157292     -0.450274408    
  -4.33010626      -2.26327085       6.19722605E-02
  -3.53550196      -3.20073128      0.501847506    
  -2.49995804      -3.92006540      0.839373589    
  -1.29404652      -4.37225246       1.05154896    
   5.48958997E-05  -4.52647638       1.12391400    
   1.29415035      -4.37222767       1.05153704    
   2.50005341      -3.92001581      0.839350343    
   3.53557873      -3.20066142      0.501814842    
   4.33016014      -2.26318669       6.19328022E-02
   4.82964706      -1.17147696     -0.450319409    
   5.00000000       6.55432013E-05  -1.00003076    
   5.00000000       0.00000000      -1.00000000    
   4.82962847      0.812770784      -2.00702214    
   4.33012390       1.57015240      -2.94541717    
   3.53552771       2.22053003      -3.75123453    
   2.49998951       2.71958208      -4.36955929    
   1.29408026       3.03329754      -4.75825262    
  -1.80999505E-05   3.14029813      -4.89082623    
  -1.29411530       3.03329158      -4.75824547    
  -2.50002098       2.71957040      -4.36954498    
  -3.53555322       2.22051382      -3.75121427    
  -4.33014250       1.57013226      -2.94539213    
  -4.82963753      0.812749028      -2.00699520    
  -5.00000000      -2.27356959E-05 -0.999971807    
  -4.82961893     -0.812792957       7.04967976E-03
  -4.33010626      -1.57017171      0.945441127    
  -3.53550196      -2.22054625       1.75125432    
  -2.49995804      -2.71959305       2.36957288    
  -1.29404652      -3.03330326       2.75825977    
   5.48958997E-05  -3.14029813       2.89082623    
   1.29415035      -3.03328586       2.75823808    
   2.50005341      -2.71955872       2.36953020    
   3.53557873      -2.22049785       1.75119448    
   4.33016014      -1.57011330      0.945368767    
   4.82964706     -0.812726378       6.96718693E-03
   5.00000000       4.54713918E-05  -1.00005639    
   5.00000000       0.00000000      -1.00000000    
   4.82962847      0.779596984      -2.03291750    
   4.33012390       1.50606549      -2.99544311    
   3.53552771       2.12989759      -3.82198191    
   2.49998951       2.60858035      -4.45620680    
   1.29408026       2.90949130      -4.85489559    
  -1.80999505E-05   3.01212454      -4.99087811    
  -1.29411530       2.90948558      -4.85488796    
  -2.50002098       2.60856915      -4.45619202    
  -3.53555322       2.12988186      -3.82196116    
  -4.33014250       1.50604618      -2.99541759    
  -4.82963753      0.779576063      -2.03288984    
  -5.00000000      -2.18077221E-05 -0.999971092    
  -4.82961893     -0.779618204       3.29456329E-02
  -4.33010626      -1.50608397      0.995467663    
  -3.53550196      -2.12991309       1.82200241    
  -2.49995804      -2.60859084       2.45622087    
  -1.29404652      -2.90949678       2.85490251    
   5.48958997E-05  -3.01212454       2.99087787    
   1.29415035      -2.90948009       2.85488033    
   2.50005341      -2.60855794       2.45617700    
   3.53557873      -2.12986660       1.82194090    
   4.33016014      -1.50602794      0.995393395    
   4.82964706     -0.779554367       3.28611135E-02
   5.00000000       4.36154442E-05  -1.00005782    
   5.00000000       0.00000000      -1.00000000    
   4.82962847      0.400504172      -2.23056340    
   4.33012390      0.773714542      -3.37726569    
   3.53552771       1.09419727      -4.36196041    
   2.49998951       1.34011209      -5.11754227    
   1.29408026       1.49469984      -5.59251881    
  -1.80999505E-05   1.54742587      -5.75452137    
  -1.29411530       1.49469686      -5.59250975    
  -2.50002098       1.34010637      -5.11752462    
  -3.53555322       1.09418929      -4.36193562    
  -4.33014250      0.773704648      -3.37723517    
  -4.82963753      0.400493443      -2.23053026    
  -5.00000000      -1.12033322E-05 -0.999965549    
  -4.82961893     -0.400515109      0.230597019    
  -4.33010626     -0.773724079       1.37729478    
  -3.53550196      -1.09420514       2.36198449    
  -2.49995804      -1.34011757       3.11755896    
  -1.29404652      -1.49470270       3.59252739    
   5.48958997E-05  -1.54742587       3.75452137    
   1.29415035      -1.49469411       3.59250116    
   2.50005341      -1.34010053       3.11750698    
   3.53557873      -1.09418130       2.36191130    
   4.33016014     -0.773695290       1.37720633    
   4.82964706     -0.400482297      0.230496168    
   5.00000000       2.24066644E-05  -1.00006890    
   5.00000000       0.00000000      -1.00000000    
   4.82962847      0.776280403      -2.03541231    
   4.33012390       1.49965835      -3.00026274    
   3.53552771       2.12083673      -3.82879806    
   2.49998951       2.59748292      -4.46455479    
   1.29408026       2.89711404      -4.86420631    
  -1.80999505E-05   2.99931049      -5.00051689    
  -1.29411530       2.89710832      -4.86419868    
  -2.50002098       2.59747171      -4.46453953    
  -3.53555322       2.12082100      -3.82877707    
  -4.33014250       1.49963927      -3.00023723    
  -4.82963753      0.776259601      -2.03538465    
  -5.00000000      -2.17149482E-05 -0.999971032    
  -4.82961893     -0.776301563       3.54405642E-02
  -4.33010626      -1.49967682       1.00028729    
  -3.53550196      -2.12085199       1.82881832    
  -2.49995804      -2.59749341       2.46456861    
  -1.29404652      -2.89711928       2.86421323    
   5.48958997E-05  -2.99931049       3.00051689    
   1.29415035      -2.89710283       2.86419129    
   2.50005341      -2.59746051       2.46452475    
   3.53557873      -2.12080574       1.82875681    
   4.33016014      -1.49962103       1.00021291    
   4.82964706     -0.776238024       3.53558064E-02
   5.00000000       4.34298963E-05  -1.00005794    
   5.00000000       0.00000000      -1.00000000    
   4.82962847       1.17154098      -1.54971063    
   4.33012390       2.26324296      -2.06195927    
   3.53552771       3.20070815      -2.50183678    
   2.49998951       3.92004943      -2.83936596    
   1.29408026       4.37224436      -3.05154514    
  -1.80999505E-05   4.52647638      -3.12391400    
  -1.29411530       4.37223577      -3.05154109    
  -2.50002098       3.92003274      -2.83935833    
  -3.53555322       3.20068455      -2.50182557    
  -4.33014250       2.26321411      -2.06194544    
  -4.82963753       1.17150962      -1.54969585    
  -5.00000000      -3.27716007E-05 -0.999984622    
  -4.82961893      -1.17157292     -0.450274408    
  -4.33010626      -2.26327085       6.19722605E-02
  -3.53550196      -3.20073128      0.501847506    
  -2.49995804      -3.92006540      0.839373589    
  -1.29404652      -4.37225246       1.05154896    
   5.48958997E-05  -4.52647638       1.12391400    
   1.29415035      -4.37222767       1.05153704    
   2.50005341      -3.92001581      0.839350343    
   3.53557873      -3.20066142      0.501814842    
   4.33016014      -2.26318669       6.19328022E-02
   4.82964706      -1.17147696     -0.450319409    
   5.00000000       6.55432013E-05  -1.00003076    
   5.00000000       0.00000000      -1.00000000    
   4.82962847      0.812770784      -2.00702214    
   4.33012390       1.57015240      -2.94541717    
   3.53552771       2.22053003      -3.75123453    
   2.49998951       2.71958208      -4.36955929    
   1.29408026       3.03329754      -4.75825262    
  -1.80999505E-05   3.14029813      -4.89082623    
  -1.29411530       3.03329158      -4.75824547    
  -2.50002098       2.71957040      -4.36954498    
  -3.53555322       2.22051382      -3.75121427    
  -4.33014250       1.57013226      -2.94539213    
  -4.82963753      0.812749028      -2.00699520    
  -5.00000000      -2.27356959E-05 -0.999971807    
  -4.82961893     -0.812792957       7.04967976E-03
  -4.33010626      -1.57017171      0.945441127    
  -3.53550196      -2.22054625       1.75125432    
  -2.49995804      -2.71959305       2.36957288    
  -1.29404652      -3.03330326       2.75825977    
   5.48958997E-05  -3.14029813       2.89082623    
   1.29415035      -3.03328586       2.75823808    
   2.50005341      -2.71955872       2.36953020    
   3.53557873      -2.22049785       1.75119448    
   4.33016014      -1.57011330      0.945368767    
   4.82964706     -0.812726378       6.96718693E-03
   5.00000000       4.54713918E-05  -1.00005639    
   5.00000000       0.00000000      -1.00000000    
   4.82962847      0.779596984      -2.03291750    
   4.33012390       1.50606549      -2.99544311    
   3.53552771       2.12989759      -3.82198191    
   2.49998951       2.60858035      -4.45620680    
   1.29408026       2.90949130      -4.85489559    
  -1.80999505E-05   3.01212454      -4.99087811    
  -1.29411530       2.90948558      -4.85488796    
  -2.50002098       2.60856915      -4.45619202    
  -3.53555322       2.12988186      -3.82196116    
  -4.33014250       1.50604618      -2.99541759    
  -4.82963753      0.779576063      -2.03288984    
  -5.00000000      -2.18077221E-05 -0.999971092    
  -4.82961893     -0.779618204       3.29456329E-02
  -4.33010626      -1.50608397      0.995467663    
  -3.53550196      -2.12991309       1.82200241    
  -2.49995804      -2.60859084       2.45622087    
  -1.29404652      -2.90949678       2.85490251    
   5.48958997E-05  -3.01212454       2.99087787    
   1.29415035      -2.90948009       2.85488033    
   2.50005341      -2.60855794       2.45617700    
   3.53557873      -2.12986660       1.82194090    
   4.33016014      -1.50602794      0.995393395    
   4.82964706     -0.779554367       3.28611135E-02
   5.00000000       4.36154442E-05  -1.00005782    
   5.00000000       0.00000000      -1.00000000    
   4.82962847      0.400504172      -2.23056340    
   4.33012390      0.773714542      -3.37726569    
   3.53552771       1.09419727      -4.36196041    
   2.49998951       1.34011209      -5.11754227    
   1.29408026       1.49469984      -5.59251881    
  -1.80999505E-05   1.54742587      -5.75452137    
  -1.29411530       1.49469686      -5.59250975    
  -2.50002098       1.34010637      -5.11752462    
  -3.53555322       1.09418929      -4.36193562    
  -4.33014250      0.773704648      -3.37723517    
  -4.82963753      0.400493443      -2.23053026    
  -5.00000000      -1.12033322E-05 -0.999965549    
  -4.82961893     -0.400515109      0.230597019    
  -4.33010626     -0.773724079       1.37729478    
  -3.53550196      -1.09420514       2.36198449    
  -2.49995804      -1.34011757       3.11755896    
  -1.29404652      -1.49470270       3.59252739    
   5.48958997E-05  -1.54742587       3.75452137    
   1.29415035      -1.49469411       3.59250116    
   2.50005341      -1.34010053       3.11750698    
   3.53557873      -1.09418130       2.36191130    
   4.33016014     -0.773695290       1.37720633    
   4.82964706     -0.400482297      0.230496168    
   5.00000000       2.24066644E-05  -1.00006890    
   5.00000000       0.00000000      -1.00000000    
   4.82962847      0.776280403      -2.03541231    
   4.33012390       1.49965835      -3.00026274    
   3.53552771       2.12083673      -3.82879806    
   2.49998951       2.59748292      -4.46455479    
   1.29408026       2.89711404      -4.86420631    
  -1.80999505E-05   2.99931049      -5.00051689    
  -1.29411530       2.89710832      -4.86419868    
  -2.50002098       2.59747171      -4.46453953    
  -3.53555322       2.12082100      -3.82877707    
  -4.33014250       1.49963927      -3.00023723    
  -4.82963753      0.776259601      -2.03538465    
  -5.00000000      -2.17149482E-05 -0.999971032    
  -4.82961893     -0.776301563       3.54405642E-02
  -4.33010626      -1.49967682       1.00028729    
  -3.53550196      -2.12085199       1.82881832    
  -2.49995804      -2.59749341       2.46456861    
  -1.29404652      -2.89711928       2.86421323    
   5.48958997E-05  -2.99931049       3.00051689    
   1.29415035      -2.89710283       2.86419129    
   2.50005341      -2.59746051       2.46452475    
   3.53557873      -2.12080574       1.82875681    
   4.33016014      -1.49962103       1.00021291    
   4.82964706     -0.776238024       3.53558064E-02
   5.00000000       4.34298963E-05  -1.00005794    
   5.00000000       0.00000000      -1.00000000    
   4.82962847       1.17154098      -1.54971063    
   4.33012390       2.26324296      -2.06195927    
   3.53552771       3.20070815      -2.50183678    
   2.49998951       3.92004943      -2.83936596    
   1.29408026       4.37224436      -3.05154514    
  -1.80999505E-05   4.52647638      -3.12391400    
  -1.29411530       4.37223577      -3.05154109    
  -2.50002098       3.92003274      -2.83935833    
  -3.53555322       3.20068455      -2.50182557    
  -4.33014250       2.26321411      -2.06194544    
  -4.82963753       1.17150962      -1.54969585    
  -5.00000000      -3.27716007E-05 -0.999984622    
  -4.82961893      -1.17157292     -0.450274408    
  -4.33010626      -2.26327085       6.19722605E-02
  -3.53550196      -3.20073128      0.501847506    
  -2.49995804      -3.92006540      0.839373589    
  -1.29404652      -4.37225246       1.05154896    
   5.48958997E-05  -4.52647638       1.12391400    
   1.29415035      -4.37222767       1.05153704    
   2.50005341      -3.92001581      0.839350343    
   3.53557873      -3.20066142      0.501814842    
   4.33016014      -2.26318669       6.19328022E-02
   4.82964706      -1.17147696     -0.450319409    
   5.00000000       6.55432013E-05  -1.00003076    
   5.00000000       0.00000000      -1.00000000    
   4.82962847      0.812770784      -2.00702214    
   4.33012390       1.57015240      -2.94541717    
   3.53552771       2.22053003      -3.75123453    
   2.49998951       2.71958208      -4.36955929    
   1.29408026       3.03329754      -4.75825262    
  -1.80999505E-05   3.14029813      -4.89082623    
  -1.29411530       3.03329158      -4.75824547    
  -2.50002098       2.71957040      -4.36954498    
  -3.53555322       2.22051382      -3.75121427    
  -4.33014250       1.57013226      -2.94539213    
  -4.82963753      0.812749028      -2.00699520    
  -5.00000000      -2.27356959E-05 -0.999971807    
  -4.82961893     -0.812792957       7.04967976E-03
  -4.33010626      -1.57017171      0.945441127    
  -3.53550196      -2.22054625       1.75125432    
  -2.49995804      -2.71959305       2.36957288    
  -1.29404652      -3.03330326       2.75825977    
   5.48958997E-05  -3.14029813       2.89082623    
   1.29415035      -3.03328586       2.75823808    
   2.50005341      -2.71955872       2.36953020    
   3.53557873      -2.22049785       1.75119448    
   4.33016014      -1.57011330      0.945368767    
   4.82964706     -0.812726378       6.96718693E-03
   5.00000000       4.54713918E-05  -1.00005639    
   5.00000000       0.00000000      -1.00000000    
   4.82962847      0.779596984      -2.03291750    
   4.33012390       1.50606549      -2.99544311    
   3.53552771       2.12989759      -3.82198191    
   2.49998951       2.60858035      -4.45620680    
   1.29408026       2.90949130      -4.85489559    
  -1.80999505E-05   3.01212454      -4.99087811    
  -1.29411530       2.90948558      -4.85488796    
  -2.50002098       2.60856915      -4.45619202    
  -3.53555322       2.12988186      -3.82196116    
  -4.33014250       1.50604618      -2.99541759    
  -4.82963753      0.779576063      -2.03288984    
  -5.00000000      -2.18077221E-05 -0.999971092    
  -4.82961893     -0.779618204       3.29456329E-02
  -4.33010626      -1.50608397      0.995467663    
  -3.53550196      -2.12991309       1.82200241    
  -2.49995804      -2.60859084       2.45622087    
  -1.29404652      -2.90949678       2.85490251    
   5.48958997E-05  -3.01212454       2.99087787    
   1.29415035      -2.90948009       2.85488033    
   2.50005341      -2.60855794       2.45617700    
   3.53557873      -2.12986660       1.82194090    
   4.33016014      -1.50602794      0.995393395    
   4.82964706     -0.779554367       3.28611135E-02
   5.00000000       4.36154442E-05  -1.00005782    
   5.00000000       0.00000000      -1.00000000    
   4.82962847      0.400504172      -2.23056340    
   4.33012390      0.773714542      -3.37726569    
   3.53552771       1.09419727      -4.36196041    
   2.49998951       1.34011209      -5.11754227    
   1.29408026       1.49469984      -5.59251881    
  -1.80999505E-05   1.54742587      -5.75452137    
  -1.29411530       1.49469686      -5.59250975    
  -2.50002098       1.34010637      -5.11752462    
  -3.53555322       1.09418929      -4.36193562    
  -4.33014250      0.773704648      -3.37723517    
  -4.82963753      0.400493443      -2.23053026    
  -5.00000000      -1.12033322E-05 -0.999965549    
  -4.82961893     -0.400515109      0.230597019    
  -4.33010626     -0.773724079       1.37729478    
  -3.53550196      -1.09420514       2.36198449    
  -2.49995804      -1.34011757       3.11755896    
  -1.29404652      -1.49470270       3.59252739    
   5.48958997E-05  -1.54742587       3.75452137    
   1.29415035      -1.49469411       3.59250116    
   2.50005341      -1.34010053       3.11750698    
   3.53557873      -1.09418130       2.36191130    
   4.33016014     -0.773695290       1.37720633    
   4.82964706     -0.400482297      0.230496168    
   5.00000000       2.24066644E-05  -1.00006890    
   5.00000000       0.00000000      -1.00000000    
   4.82962847      0.776280403      -2.03541231    
   4.33012390       1.49965835      -3.00026274    
   3.53552771       2.12083673      -3.82879806    
   2.49998951       2.59748292      -4.46455479    
   1.29408026       2.89711404      -4.86420631    
  -1.80999505E-05   2.99931049      -5.00051689    
  -1.29411530       2.89710832      -4.86419868    
  -2.50002098       2.59747171      -4.46453953    
  -3.53555322       2.12082100      -3.82877707    
  -4.33014250       1.49963927      -3.00023723    
  -4.82963753      0.776259601      -2.03538465    
  -5.00000000      -2.17149482E-05 -0.999971032    
  -4.82961893     -0.776301563       3.54405642E-02
  -4.33010626      -1.49967682       1.00028729    
  -3.53550196      -2.12085199       1.82881832    
  -2.49995804      -2.59749341       2.46456861    
  -1.29404652      -2.89711928       2.86421323    
   5.48958997E-05  -2.99931049       3.00051689    
   1.29415035      -2.89710283       2.86419129    
   2.50005341      -2.59746051       2.46452475    
   3.53557873      -2.12080574       1.82875681    
   4.33016014      -1.49962103       1.00021291    
   4.82964706     -0.776238024       3.53558064E-02
   5.00000000       4.34298963E-05  -1.00005794    
   5.00000000       0.00000000      -1.00000000    
   4.82962847       1.17154098      -1.54971063    
   4.33012390       2.26324296      -2.06195927    
   3.53552771       3.20070815      -2.50183678    
   2.49998951       3.92004943      -2.83936596    
   1.29408026       4.37224436      -3.05154514    
  -1.80999505E-05   4.52647638      -3.12391400    
  -1.29411530       4.37223577      -3.05154109    
  -2.50002098       3.92003274      -2.83935833    
  -3.53555322       3.20068455      -2.50182557    
  -4.33014250       2.26321411      -2.06194544    
  -4.82963753       1.17150962      -1.54969585    
  -5.00000000      -3.27716007E-05 -0.999984622    
  -4.82961893      -1.17157292     -0.450274408    
  -4.33010626      -2.26327085       6.19722605E-02
  -3.53550196      -3.20073128      0.501847506    
  -2.49995804      -3.92006540      0.839373589    
  -1.29404652      -4.37225246       1.05154896    
   5.48958997E-05  -4.52647638       1.12391400    
   1.29415035      -4.37222767       1.05153704    
   2.50005341      -3.92001581      0.839350343    
   3.53557873      -3.20066142      0.501814842    
   4.33016014      -2.26318669       6.19328022E-02
   4.82964706      -1.17147696     -0.450319409    
   5.00000000       6.55432013E-05  -1.00003076    
   5.00000000       0.00000000      -1.00000000    
   4.82962847      0.812770784      -2.00702214    
   4.33012390       1.57015240      -2.94541717    
   3.53552771       2.22053003      -3.75123453    
   2.49998951       2.71958208      -4.36955929    
   1.29408026       3.03329754      -4.75825262    
  -1.80999505E-05   3.14029813      -4.89082623    
  -1.29411530       3.03329158      -4.75824547    
  -2.50002098       2.71957040      -4.36954498    
  -3.53555322       2.22051382      -3.75121427    
  -4.33014250       1.57013226      -2.94539213    
  -4.82963753      0.812749028      -2.00699520    
  -5.00000000      -2.27356959E-05 -0.999971807    
  -4.82961893     -0.812792957       7.04967976E-03
  -4.33010626      -1.57017171      0.945441127    
  -3.53550196      -2.22054625       1.75125432    
  -2.49995804      -2.71959305       2.36957288    
  -1.29404652      -3.03330326       2.75825977    
   5.48958997E-05  -3.14029813       2.89082623    
   1.29415035      -3.03328586       2.75823808    
   2.50005341      -2.71955872       2.36953020    
   3.53557873      -2.22049785       1.75119448    
   4.33016014      -1.57011330      0.945368767    
   4.82964706     -0.812726378       6.96718693E-03
   5.00000000       4.54713918E-05  -1.00005639    
   5.00000000       0.00000000      -1.00000000    
   4.82962847      0.779596984      -2.03291750    
   4.33012390       1.50606549      -2.99544311    
   3.53552771       2.12989759      -3.82198191    
   2.49998951       2.60858035      -4.45620680    
   1.29408026       2.90949130      -4.85489559    
  -1.80999505E-05   3.01212454      -4.99087811    
  -1.29411530       2.90948558      -4.85488796    
  -2.50002098       2.60856915      -4.45619202    
  -3.53555322       2.12988186      -3.82196116    
  -4.33014250       1.50604618      -2.99541759    
  -4.82963753      0.779576063      -2.03288984    
  -5.00000000      -2.18077221E-05 -0.999971092    
  -4.82961893     -0.779618204       3.29456329E-02
  -4.33010626      -1.50608397      0.995467663    
  -3.53550196      -2.12991309       1.82200241    
  -2.49995804      -2.60859084       2.45622087    
  -1.29404652      -2.90949678       2.85490251    
   5.48958997E-05  -3.01212454       2.99087787    
   1.29415035      -2.90948009       2.85488033    
   2.50005341      -2.60855794       2.45617700    
   3.53557873      -2.12986660       1.82194090    
   4.33016014      -1.50602794      0.995393395    
   4.82964706     -0.779554367       3.28611135E-02
   5.00000000       4.36154442E-05  -1.00005782    
   5.00000000       0.00000000      -1.00000000    
   4.82962847      0.400504172      -2.23056340    
   4.33012390      0.773714542      -3.37726569    
   3.53552771       1.09419727      -4.36196041    
   2.49998951       1.34011209      -5.11754227    
   1.29408026       1.49469984      -5.59251881    
  -1.80999505E-05   1.54742587      -5.75452137    
  -1.29411530       1.49469686      -5.59250975    
  -2.50002098       1.34010637      -5.11752462    
  -3.53555322       1.09418929      -4.36193562    
  -4.33014250      0.773704648      -3.37723517    
  -4.82963753      0.400493443      -2.23053026    
  -5.00000000      -1.12033322E-05 -0.999965549    
  -4.82961893     -0.400515109      0.230597019    
  -4.33010626     -0.773724079       1.37729478    
  -3.53550196      -1.09420514       2.36198449    
  -2.49995804      -1.34011757       3.11755896    
  -1.29404652      -1.49470270       3.59252739    
   5.48958997E-05  -1.54742587       3.75452137    
   1.29415035      -1.49469411       3.59250116    
   2.50005341      -1.34010053       3.11750698    
   3.53557873      -1.09418130       2.36191130    
   4.33016014     -0.773695290       1.37720633    
   4.82964706     -0.400482297      0.230496168    
   5.00000000       2.24066644E-05  -1.00006890    
   5.00000000       0.00000000      -1.00000000    
   4.82962847      0.776280403      -2.03541231    
   4.33012390       1.49965835      -3.00026274    
   3.53552771       2.12083673      -3.82879806    
   2.49998951       2.59748292      -4.46455479    
   1.29408026       2.89711404      -4.86420631    
  -1.80999505E-05   2.99931049      -5.00051689    
  -1.29411530       2.89710832      -4.86419868    
  -2.50002098       2.59747171      -4.46453953    
  -3.53555322       2.12082100      -3.82877707    
  -4.33014250       1.49963927      -3.00023723    
  -4.82963753      0.776259601      -2.03538465    
  -5.00000000      -2.17149482E-05 -0.999971032    
  -4.82961893     -0.776301563       3.54405642E-02
  -4.33010626      -1.49967682       1.00028729    
  -3.53550196      -2.12085199       1.82881832    
  -2.49995804      -2.59749341       2.46456861    
  -1.29404652      -2.89711928       2.86421323    
   5.48958997E-05  -2.99931049       3.00051689    
   1.29415035      -2.89710283       2.86419129    
   2.50005341      -2.59746051       2.46452475    
   3.53557873      -2.12080574       1.82875681    
   4.33016014      -1.49962103       1.00021291    
   4.82964706     -0.776238024       3.53558064E-02
   5.00000000       4.34298963E-05  -1.00005794    
   5.00000000       0.00000000      -1.00000000    
   4.82962847       1.17154098      -1.54971063    
   4.33012390       2.26324296      -2.06195927    
   3.53552771       3.20070815      -2.50183678    
   2.49998951       3.92004943      -2.83936596    
   1.29408026       4.37224436      -3.05154514    
  -1.80999505E-05   4.52647638      -3.12391400    
  -1.29411530       4.37223577      -3.05154109    
  -2.50002098       3.92003274      -2.83935833    
  -3.53555322       3.20068455      -2.50182557    
  -4.33014250       2.26321411      -2.06194544    
  -4.82963753       1.17150962      -1.54969585    
  -5.00000000      -3.27716007E-05 -0.999984622    
  -4.82961893      -1.17157292     -0.450274408    
  -4.33010626      -2.26327085       6.19722605E-02
  -3.53550196      -3.20073128      0.501847506    
  -2.49995804      -3.92006540      0.839373589    
  -1.29404652      -4.37225246       1.05154896    
   5.48958997E-05  -4.52647638       1.12391400    
   1.29415035      -4.37222767       1.05153704    
   2.50005341      -3.92001581      0.839350343    
   3.53557873      -3.20066142      0.501814842    
   4.33016014      -2.26318669       6.19328022E-02
   4.82964706      -1.17147696     -0.450319409    
   5.00000000       6.55432013E-05  -1.00003076    
   5.00000000       0.00000000      -1.00000000    
   4.82962847      0.812770784      -2.00702214    
   4.33012390       1.57015240      -2.94541717    
   3.53552771       2.22053003      -3.75123453    
   2.49998951       2.71958208      -4.36955929    
   1.29408026       3.03329754      -4.75825262    
  -1.80999505E-05   3.14029813      -4.89082623    
  -1.29411530       3.03329158      -4.75824547    
  -2.50002098       2.71957040      -4.36954498    
  -3.53555322       2.22051382      -3.75121427    
  -4.33014250       1.57013226      -2.94539213    
  -4.82963753      0.812749028      -2.00699520    
  -5.00000000      -2.27356959E-05 -0.999971807    
  -4.82961893     -0.812792957       7.04967976E-03
  -4.33010626      -1.57017171      0.945441127    
  -3.53550196      -2.22054625       1.75125432    
  -2.49995804      -2.71959305       2.36957288    
  -1.29404652      -3.03330326       2.75825977    
   5.48958997E-05  -3.14029813       2.89082623    
   1.29415035      -3.03328586       2.75823808    
   2.50005341      -2.71955872       2.36953020    
   3.53557873      -2.22049785       1.75119448    
   4.33016014      -1.57011330      0.945368767    
   4.82964706     -0.812726378       6.96718693E-03
   5.00000000       4.54713918E-05  -1.00005639    
   5.00000000       0.00000000      -1.00000000    
   4.82962847      0.779596984      -2.03291750    
   4.33012390       1.50606549      -2.99544311    
   3.53552771       2.12989759      -3.82198191    
   2.49998951       2.60858035      -4.45620680    
   1.29408026       2.90949130      -4.85489559    
  -1.80999505E-05   3.01212454      -4.99087811    
  -1.29411530       2.90948558      -4.85488796    
  -2.50002098       2.60856915      -4.45619202    
  -3.53555322       2.12988186      -3.82196116    
  -4.33014250       1.50604618      -2.99541759    
  -4.82963753      0.779576063      -2.03288984    
  -5.00000000      -2.18077221E-05 -0.999971092    
  -4.82961893     -0.779618204       3.29456329E-02
  -4.33010626      -1.50608397      0.995467663    
  -3.53550196      -2.12991309       1.82200241    
  -2.49995804      -2.60859084       2.45622087    
  -1.29404652      -2.90949678       2.85490251    
   5.48958997E-05  -3.01212454       2.99087787    
   1.29415035      -2.90948009       2.85488033    
   2.50005341      -2.60855794       2.45617700    
   3.53557873      -2.12986660       1.82194090    
   4.33016014      -1.50602794      0.995393395    
   4.82964706     -0.779554367       3.28611135E-02
   5.00000000       4.36154442E-05  -1.00005782    
   5.00000000       0.00000000      -1.00000000    
   4.82962847      0.400504172      -2.23056340    
   4.33012390      0.773714542      -3.37726569    
   3.53552771       1.09419727      -4.36196041    
   2.49998951       1.34011209      -5.11754227    
   1.29408026       1.49469984      -5.59251881    
  -1.80999505E-05   1.54742587      -5.75452137    
  -1.29411530       1.49469686      -5.59250975    
  -2.50002098       1.34010637      -5.11752462    
  -3.53555322       1.09418929      -4.36193562    
  -4.33014250      0.773704648      -3.37723517    
  -4.82963753      0.400493443      -2.23053026    
  -5.00000000      -1.12033322E-05 -0.999965549    
  -4.82961893     -0.400515109      0.230597019    
  -4.33010626     -0.773724079       1.37729478    
  -3.53550196      -1.09420514       2.36198449    
  -2.49995804      -1.34011757       3.11755896    
  -1.29404652      -1.49470270       3.59252739    
   5.48958997E-05  -1.54742587       3.75452137    
   1.29415035      -1.49469411       3.59250116    
   2.50005341      -1.34010053       3.11750698    
   3.53557873      -1.09418130       2.36191130    
   4.33016014     -0.773695290       1.37720633    
   4.82964706     -0.400482297      0.230496168    
   5.00000000       2.24066644E-05  -1.00006890    
   5.00000000       0.00000000      -1.00000000    
   4.82962847      0.776280403      -2.03541231    
   4.33012390       1.49965835      -3.00026274    
   3.53552771       2.12083673      -3.82879806    
   2.49998951       2.59748292      -4.46455479    
   1.29408026       2.89711404      -4.86420631    
  -1.80999505E-05   2.99931049      -5.00051689    
  -1.29411530       2.89710832      -4.86419868    
  -2.50002098       2.59747171      -4.46453953    
  -3.53555322       2.12082100      -3.82877707    
  -4.33014250       1.49963927      -3.00023723    
  -4.82963753      0.776259601      -2.03538465    
  -5.00000000      -2.17149482E-05 -0.999971032    
  -4.82961893     -0.776301563       3.54405642E-02
  -4.33010626      -1.49967682       1.00028729    
  -3.53550196      -2.12085199       1.82881832    
  -2.49995804      -2.59749341       2.46456861    
  -1.29404652      -2.89711928       2.86421323    
   5.48958997E-05  -2.99931049       3.00051689    
   1.29415035      -2.89710283       2.86419129    
   2.50005341      -2.59746051       2.46452475    
   3.53557873      -2.12080574       1.82875681    
   4.33016014      -1.49962103       1.00021291    
   4.82964706     -0.776238024       3.53558064E-02
   5.00000000       4.34298963E-05  -1.00005794    
   5.00000000       0.00000000      -1.00000000    
   4.82962847       1.17154098      -1.54971063    
   4.33012390       2.26324296      -2.06195927    
   3.53552771       3.20070815      -2.50183678    
   2.49998951       3.92004943      -2.83936596    
   1.29408026       4.37224436      -3.05154514    
  -1.80999505E-05   4.52647638      -3.12391400    
  -1.29411530       4.37223577      -3.05154109    
  -2.50002098       3.92003274      -2.83935833    
  -3.53555322       3.20068455      -2.50182557    
  -4.33014250       2.26321411      -2.06194544    
  -4.82963753       1.17150962      -1.54969585    
  -5.00000000      -3.27716007E-05 -0.999984622    
  -4.82961893      -1.17157292     -0.450274408    
  -4.33010626      -2.26327085       6.19722605E-02
  -3.53550196      -3.20073128      0.501847506    
  -2.49995804      -3.92006540      0.839373589    
  -1.29404652      -4.37225246       1.05154896    
   5.48958997E-05  -4.52647638       1.12391400    
   1.29415035      -4.37222767       1.05153704    
   2.50005341      -3.92001581      0.839350343    
   3.53557873      -3.20066142      0.501814842    
   4.33016014      -2.26318669       6.19328022E-02
   4.82964706      -1.17147696     -0.450319409    
   5.00000000       6.55432013E-05  -1.00003076    
   5.00000000       0.00000000      -1.00000000    
   4.82962847      0.812770784      -2.00702214    
   4.33012390       1.57015240      -2.94541717    
   3.53552771       2.22053003      -3.75123453    
   2.49998951       2.71958208      -4.36955929    
   1.29408026       3.03329754      -4.75825262    
  -1.80999505E-05   3.14029813      -4.89082623    
  -1.29411530       3.03329158      -4.75824547    
  -2.50002098       2.71957040      -4.36954498    
  -3.53555322       2.22051382      -3.75121427    
  -4.33014250       1.57013226      -2.94539213    
  -4.82963753      0.812749028      -2.00699520    
  -5.00000000      -2.27356959E-05 -0.999971807    
  -4.82961893     -0.812792957       7.04967976E-03
  -4.33010626      -1.57017171      0.945441127    
  -3.53550196      -2.22054625       1.75125432    
  -2.49995804      -2.71959305       2.36957288    
  -1.29404652      -3.03330326       2.75825977    
   5.48958997E-05  -3.14029813       2.89082623    
   1.29415035      -3.03328586       2.75823808    
   2.50005341      -2.71955872       2.36953020    
   3.53557873      -2.22049785       1.75119448    
   4.33016014      -1.57011330      0.945368767    
   4.82964706     -0.812726378       6.96718693E-03
   5.00000000       4.54713918E-05  -1.00005639    
