  -0.197395563       1.57079637    
 -0.393836945       1.41075718    
 -0.578744888       1.23607278    
 -0.746982217       1.02859414    
 -0.889500856      0.764144778    
 -0.990288019      0.418503493    
  -1.02778816       5.98019978E-04
 -0.990286052      0.418514192    
 -0.889497340      0.764153242    
 -0.746977866       1.02860057    
 -0.578739882       1.23607814    
 -0.393831700       1.41076171    
 -0.197389990       1.57080066    
 -0.197406664       1.57078755    
 
 -0.197395563       1.57079637    
 -0.431361586       1.48805916    
 -0.654787540       1.39398050    
 -0.867193341       1.27065945    
  -1.06467772       1.07872856    
  -1.23099017      0.713583350    
  -1.30810416       1.24487793E-03
  -1.23098624      0.713598132    
  -1.06467247       1.07873559    
 -0.867187679       1.27066350    
 -0.654781282       1.39398336    
 -0.431355268       1.48806155    
 -0.197388932       1.57079852    
   4.75472212E-02   1.65353596    
  0.303444892       1.74761498    
  0.568042040       1.87093735    
  0.832568586       2.06287098    
   1.06770706       2.42802262    
   1.17986000                  NaN
   1.06769085       2.42797995    
  0.832546890       2.06284976    
  0.568019986       1.87092507    
  0.303423464       1.74760640    
   4.75262068E-02   1.65352869    
 -0.197408810       1.57079184    
 
 -0.197395563       1.57079637    
 -0.394309968       1.41142654    
 -0.579691350       1.23739338    
 -0.748434842       1.03047657    
 -0.891500533      0.766274571    
 -0.992794991      0.420088768    
  -1.03052390                  NaN
 -0.992792964      0.420099735    
 -0.891497016      0.766282976    
 -0.748430431       1.03048301    
 -0.579686284       1.23739862    
 -0.394304723       1.41143095    
 -0.197389990       1.57080066    
   7.24504469E-03   1.73017073    
  0.214915380       1.90420437    
  0.417504281       2.11112237    
  0.599657059       2.37532616    
  0.734297276       2.72151446    
  0.785599291                  NaN
  0.734289110       2.72148204    
  0.599643290       2.37530088    
  0.417488068       2.11110330    
  0.214898393       1.90418899    
   7.22769229E-03   1.73015702    
 -0.197406694       1.57078767    
 
 -0.197395563       1.57079637    
 -0.302276552       1.33281922    
 -0.399344206       1.08917451    
 -0.483126372      0.835061610    
 -0.548248410      0.567711234    
 -0.589780450      0.287761152    
 -0.604079485       0.00000000    
 -0.589779615      0.287769139    
 -0.548246920      0.567718863    
 -0.483124256      0.835068882    
 -0.399341583       1.08918154    
 -0.302273780       1.33282578    
 -0.197392598       1.57080293    
  -9.03574452E-02   1.80878007    
   1.26831662E-02   2.05242491    
  0.104842819       2.30653834    
  0.178610772       2.57388902    
  0.226653770       2.85383892    
  0.243375927       3.14159274    
  0.226651013       2.85381579    
  0.178605571       2.57386589    
  0.104835823       2.30651665    
   1.26750693E-02   2.05240440    
  -9.03663412E-02   1.80876005    
 -0.197401464       1.57078326    
 
 -0.197395563       1.57079637    
 -0.388927728       1.40407014    
 -0.568938613       1.22293091    
 -0.731984198       1.00999832    
 -0.868974447      0.743351817    
 -0.964735627      0.403246403    
  -1.00000942       3.45266977E-04
 -0.964733839      0.403256416    
 -0.868970990      0.743360460    
 -0.731979966       1.01000476    
 -0.568933725       1.22293639    
 -0.388922632       1.40407479    
 -0.197390154       1.57080090    
   1.43943320E-03   1.73752737    
  0.202450812       1.91866708    
  0.397170961       2.13160086    
  0.570346355       2.39824915    
  0.696541786       2.73835659    
  0.744057655       3.14159274    
  0.696534157       2.73832536    
  0.570333362       2.39822364    
  0.397155404       2.13158131    
  0.202434435       1.91865110    
   1.42258464E-03   1.73751295    
 -0.197406411       1.57078719    
 
