142.749374      -43.9468536    
   153.565567      -53.5770111    
   163.800385      -62.4533005    
   173.751480      -69.5508728    
   176.383865      -72.5583572    
   166.485825      -69.5875702    
  -147.785812      -62.5078125    
  -134.299240      -53.6389008    
  -121.093056      -44.0119743    
  -108.282784      -34.0579681    
  -95.9275208      -24.0277367    
  -84.0026779      -14.1577950    
  -72.3657761      -4.75895071    
  -60.7061348       3.71782732    
  -48.4690742       10.6451530    
  -34.7661476       15.2681351    
  -18.3693981       16.9102592    
  -1.83614802       15.2892199    
   30.3180847       10.6838455    
   58.0252533       3.76912189    
   82.0117493      -4.69973993    
   101.532654      -14.0941792    
   117.470581      -23.9621677    
   130.922684      -33.9921608    
   142.750015      -43.9473915    