   75.4163208       10.6189661    
 75.4155045       10.6195669    
   60.3740349       21.4695911    
   60.3731995       21.4701710    
   45.3060303       31.5063801    
   45.3051834       31.5069141    
   30.2168922       40.0219803    
   30.2160587       40.0223923    
   15.1127834       45.9697800    
   15.1119356       45.9700089    
   4.09810396E-04   48.1492996    
  -4.09810396E-04   48.1492996    
  -15.1119356       45.9700089    
  -15.1127834       45.9697800    
  -30.2160587       40.0223923    
  -30.2168922       40.0219803    
  -45.3051834       31.5069141    
  -45.3060303       31.5063801    
  -60.3731995       21.4701710    
  -60.3740349       21.4695911    
  -75.4155045       10.6195669    
  -75.4163208       10.6189661    
