52.7720299       23.2352734    
   66.4525528       16.0038071    
   79.2899170       6.91564608    
   91.4554825      -3.15393496    
   103.084129      -13.6137304    
   114.274239      -24.0809040    
  -107.184418      -34.2771912    
  -120.324142      -43.9219055    
  -133.654327      -52.5941353    
  -147.064499      -59.5165062    
  -160.504715      -63.3610306    
  -174.004318      -62.8270760    
  -172.305054      -58.1297073    
  -158.161163      -50.7043114    
  -143.114319      -41.7550125    
  -126.457535      -31.9529514    
  -107.222252      -21.6708698    
  -84.6032410      -11.1785078    
   68.3849869     -0.769077539    
   41.4081535       9.13541126    
   17.0908546       17.8820629    
   3.77305007       24.5310040    
   21.8740654       27.9957943    
   38.0247765       27.5270252    
   52.7728500       23.2349453    