   5.00000000       0.00000000      -1.00000000    
   4.82962847      -8.86101648E-03  -2.29406786    
   4.33012390      -1.71181671E-02  -3.49994659    
   3.53552771      -2.42087375E-02  -4.53545761    
   2.49998951      -2.96495166E-02  -5.33003187    
   1.29408026      -3.30697186E-02  -5.82952023    
  -1.80999505E-05  -3.42362635E-02  -5.99988270    
  -1.29411530      -3.30696553E-02  -5.82951069    
  -2.50002098      -2.96493899E-02  -5.33001328    
  -3.53555322      -2.42085606E-02  -4.53543186    
  -4.33014250      -1.71179492E-02  -3.49991465    
  -4.82963753      -8.86077899E-03  -2.29403305    
  -5.00000000       2.47869878E-07 -0.999963820    
  -4.82961893       8.86125863E-03  0.294103146    
  -4.33010626       1.71183776E-02   1.49997735    
  -3.53550196       2.42089126E-02   2.53548312    
  -2.49995804       2.96496376E-02   3.33004951    
  -1.29404652       3.30697820E-02   3.82952929    
   5.48958997E-05   3.42362635E-02   3.99988270    
   1.29415035       3.30695920E-02   3.82950163    
   2.50005341       2.96492632E-02   3.32999468    
   3.53557873       2.42083855E-02   2.53540611    
   4.33016014       1.71177406E-02   1.49988437    
   4.82964706       8.86053313E-03  0.293997169    
   5.00000000      -4.95739755E-07  -1.00007236    
 
   5.00000000       0.00000000      -1.00000000    
   4.82962847     -0.514773786      -2.18730712    
   4.33012390     -0.994466424      -3.29370070    
   3.53552771      -1.40638745      -4.24378204    
   2.49998951      -1.72246528      -4.97280407    
   1.29408026      -1.92115915      -5.43108416    
  -1.80999505E-05  -1.98892856      -5.58739185    
  -1.29411530      -1.92115533      -5.43107557    
  -2.50002098      -1.72245789      -4.97278690    
  -3.53555322      -1.40637708      -4.24375820    
  -4.33014250     -0.994453669      -3.29367137    
  -4.82963753     -0.514759958      -2.18727541    
  -5.00000000       1.43998041E-05 -0.999966800    
  -4.82961893      0.514787793      0.187339425    
  -4.33010626      0.994478643       1.29372907    
  -3.53550196       1.40639758       2.24380517    
  -2.49995804       1.72247231       2.97282004    
  -1.29404652       1.92116272       3.43109226    
   5.48958997E-05   1.98892856       3.58739185    
   1.29415035       1.92115176       3.43106699    
   2.50005341       1.72245049       2.97276974    
   3.53557873       1.40636694       2.24373460    
   4.33016014      0.994441628       1.29364371    
   4.82964706      0.514745653      0.187242150    
   5.00000000      -2.87996081E-05  -1.00006640    
 
   5.00000000       0.00000000      -1.00000000    
   4.82962847      -1.32871252E-02  -2.29402995    
   4.33012390      -2.56687496E-02  -3.49987340    
   3.53552771      -3.63010839E-02  -4.53535414    
   2.49998951      -4.44595516E-02  -5.32990551    
   1.29408026      -4.95881550E-02  -5.82937860    
  -1.80999505E-05  -5.13373911E-02  -5.99973679    
  -1.29411530      -4.95880581E-02  -5.82936907    
  -2.50002098      -4.44593616E-02  -5.32988691    
  -3.53555322      -3.63008156E-02  -4.53532791    
  -4.33014250      -2.56684218E-02  -3.49984169    
  -4.82963753      -1.32867685E-02  -2.29399538    
  -5.00000000       3.71681693E-07 -0.999963820    
  -4.82961893       1.32874874E-02  0.294065237    
  -4.33010626       2.56690662E-02   1.49990416    
  -3.53550196       3.63013446E-02   2.53537965    
  -2.49995804       4.44597341E-02   3.32992315    
  -1.29404652       4.95882481E-02   3.82938766    
   5.48958997E-05   5.13373911E-02   3.99973679    
   1.29415035       4.95879650E-02   3.82936001    
   2.50005341       4.44591679E-02   3.32986832    
   3.53557873       3.63005549E-02   2.53530264    
   4.33016014       2.56681107E-02   1.49981141    
   4.82964706       1.32863987E-02  0.293959260    
   5.00000000      -7.43363387E-07  -1.00007236    
 
   5.00000000       0.00000000      -1.00000000    
   4.82962847      0.514202058      -2.18755484    
   4.33012390      0.993361890      -3.29417920    
   3.53552771       1.40482545      -4.24445820    
   2.49998951       1.72055221      -4.97363281    
   1.29408026       1.91902542      -5.43200827    
  -1.80999505E-05   1.98671961      -5.58834887    
  -1.29411530       1.91902173      -5.43199968    
  -2.50002098       1.72054482      -4.97361565    
  -3.53555322       1.40481520      -4.24443436    
  -4.33014250      0.993349195      -3.29414988    
  -4.82963753      0.514188290      -2.18752289    
  -5.00000000      -1.43838106E-05 -0.999966800    
  -4.82961893     -0.514216065      0.187587142    
  -4.33010626     -0.993374109       1.29420757    
  -3.53550196      -1.40483570       2.24448180    
  -2.49995804      -1.72055924       2.97364879    
  -1.29404652      -1.91902912       3.43201685    
   5.48958997E-05  -1.98671961       3.58834887    
   1.29415035      -1.91901803       3.43199158    
   2.50005341      -1.72053742       2.97359848    
   3.53557873      -1.40480506       2.24441123    
   4.33016014     -0.993337214       1.29412222    
   4.82964706     -0.514173985      0.187489867    
   5.00000000       2.87676212E-05  -1.00006640    
 
   5.00000000       0.00000000      -1.00000000    
   4.82962847       3.54104862E-02  -2.29361343    
   4.33012390       6.84077963E-02  -3.49906921    
   3.53552771       9.67432037E-02  -4.53421640    
   2.49998951      0.118485704      -5.32851219    
   1.29408026      0.132153541      -5.82782507    
  -1.80999505E-05  0.136815295      -5.99812794    
  -1.29411530      0.132153288      -5.82781553    
  -2.50002098      0.118485190      -5.32849360    
  -3.53555322       9.67424884E-02  -4.53419018    
  -4.33014250       6.84069172E-02  -3.49903727    
  -4.82963753       3.54095362E-02  -2.29357886    
  -5.00000000      -9.90540116E-07 -0.999963820    
  -4.82961893      -3.54114510E-02  0.293648839    
  -4.33010626      -6.84086382E-02   1.49909997    
  -3.53550196      -9.67439041E-02   2.53424191    
  -2.49995804     -0.118486181       3.32852983    
  -1.29404652     -0.132153794       3.82783413    
   5.48958997E-05 -0.136815295       3.99812794    
   1.29415035     -0.132153034       3.82780647    
   2.50005341     -0.118484683       3.32847500    
   3.53557873      -9.67417955E-02   2.53416514    
   4.33016014      -6.84060901E-02   1.49900699    
   4.82964706      -3.54085490E-02  0.293542862    
   5.00000000       1.98108023E-06  -1.00007236    
 
   5.00000000       0.00000000      -1.00000000    
   4.82962847      -8.86101648E-03  -2.29406786    
   4.33012390      -1.71181671E-02  -3.49994659    
   3.53552771      -2.42087375E-02  -4.53545761    
   2.49998951      -2.96495166E-02  -5.33003187    
   1.29408026      -3.30697186E-02  -5.82952023    
  -1.80999505E-05  -3.42362635E-02  -5.99988270    
  -1.29411530      -3.30696553E-02  -5.82951069    
  -2.50002098      -2.96493899E-02  -5.33001328    
  -3.53555322      -2.42085606E-02  -4.53543186    
  -4.33014250      -1.71179492E-02  -3.49991465    
  -4.82963753      -8.86077899E-03  -2.29403305    
  -5.00000000       2.47869878E-07 -0.999963820    
  -4.82961893       8.86125863E-03  0.294103146    
  -4.33010626       1.71183776E-02   1.49997735    
  -3.53550196       2.42089126E-02   2.53548312    
  -2.49995804       2.96496376E-02   3.33004951    
  -1.29404652       3.30697820E-02   3.82952929    
   5.48958997E-05   3.42362635E-02   3.99988270    
   1.29415035       3.30695920E-02   3.82950163    
   2.50005341       2.96492632E-02   3.32999468    
   3.53557873       2.42083855E-02   2.53540611    
   4.33016014       1.71177406E-02   1.49988437    
   4.82964706       8.86053313E-03  0.293997169    
   5.00000000      -4.95739755E-07  -1.00007236    
 
   5.00000000       0.00000000      -1.00000000    
   4.82962847     -0.514773786      -2.18730712    
   4.33012390     -0.994466424      -3.29370070    
   3.53552771      -1.40638745      -4.24378204    
   2.49998951      -1.72246528      -4.97280407    
   1.29408026      -1.92115915      -5.43108416    
  -1.80999505E-05  -1.98892856      -5.58739185    
  -1.29411530      -1.92115533      -5.43107557    
  -2.50002098      -1.72245789      -4.97278690    
  -3.53555322      -1.40637708      -4.24375820    
  -4.33014250     -0.994453669      -3.29367137    
  -4.82963753     -0.514759958      -2.18727541    
  -5.00000000       1.43998041E-05 -0.999966800    
  -4.82961893      0.514787793      0.187339425    
  -4.33010626      0.994478643       1.29372907    
  -3.53550196       1.40639758       2.24380517    
  -2.49995804       1.72247231       2.97282004    
  -1.29404652       1.92116272       3.43109226    
   5.48958997E-05   1.98892856       3.58739185    
   1.29415035       1.92115176       3.43106699    
   2.50005341       1.72245049       2.97276974    
   3.53557873       1.40636694       2.24373460    
   4.33016014      0.994441628       1.29364371    
   4.82964706      0.514745653      0.187242150    
   5.00000000      -2.87996081E-05  -1.00006640    
 
   5.00000000       0.00000000      -1.00000000    
   4.82962847      -1.32871252E-02  -2.29402995    
   4.33012390      -2.56687496E-02  -3.49987340    
   3.53552771      -3.63010839E-02  -4.53535414    
   2.49998951      -4.44595516E-02  -5.32990551    
   1.29408026      -4.95881550E-02  -5.82937860    
  -1.80999505E-05  -5.13373911E-02  -5.99973679    
  -1.29411530      -4.95880581E-02  -5.82936907    
  -2.50002098      -4.44593616E-02  -5.32988691    
  -3.53555322      -3.63008156E-02  -4.53532791    
  -4.33014250      -2.56684218E-02  -3.49984169    
  -4.82963753      -1.32867685E-02  -2.29399538    
  -5.00000000       3.71681693E-07 -0.999963820    
  -4.82961893       1.32874874E-02  0.294065237    
  -4.33010626       2.56690662E-02   1.49990416    
  -3.53550196       3.63013446E-02   2.53537965    
  -2.49995804       4.44597341E-02   3.32992315    
  -1.29404652       4.95882481E-02   3.82938766    
   5.48958997E-05   5.13373911E-02   3.99973679    
   1.29415035       4.95879650E-02   3.82936001    
   2.50005341       4.44591679E-02   3.32986832    
   3.53557873       3.63005549E-02   2.53530264    
   4.33016014       2.56681107E-02   1.49981141    
   4.82964706       1.32863987E-02  0.293959260    
   5.00000000      -7.43363387E-07  -1.00007236    
 
   5.00000000       0.00000000      -1.00000000    
   4.82962847      0.514202058      -2.18755484    
   4.33012390      0.993361890      -3.29417920    
   3.53552771       1.40482545      -4.24445820    
   2.49998951       1.72055221      -4.97363281    
   1.29408026       1.91902542      -5.43200827    
  -1.80999505E-05   1.98671961      -5.58834887    
  -1.29411530       1.91902173      -5.43199968    
  -2.50002098       1.72054482      -4.97361565    
  -3.53555322       1.40481520      -4.24443436    
  -4.33014250      0.993349195      -3.29414988    
  -4.82963753      0.514188290      -2.18752289    
  -5.00000000      -1.43838106E-05 -0.999966800    
  -4.82961893     -0.514216065      0.187587142    
  -4.33010626     -0.993374109       1.29420757    
  -3.53550196      -1.40483570       2.24448180    
  -2.49995804      -1.72055924       2.97364879    
  -1.29404652      -1.91902912       3.43201685    
   5.48958997E-05  -1.98671961       3.58834887    
   1.29415035      -1.91901803       3.43199158    
   2.50005341      -1.72053742       2.97359848    
   3.53557873      -1.40480506       2.24441123    
   4.33016014     -0.993337214       1.29412222    
   4.82964706     -0.514173985      0.187489867    
   5.00000000       2.87676212E-05  -1.00006640    
 
   5.00000000       0.00000000      -1.00000000    
   4.82962847       3.54104862E-02  -2.29361343    
   4.33012390       6.84077963E-02  -3.49906921    
   3.53552771       9.67432037E-02  -4.53421640    
   2.49998951      0.118485704      -5.32851219    
   1.29408026      0.132153541      -5.82782507    
  -1.80999505E-05  0.136815295      -5.99812794    
  -1.29411530      0.132153288      -5.82781553    
  -2.50002098      0.118485190      -5.32849360    
  -3.53555322       9.67424884E-02  -4.53419018    
  -4.33014250       6.84069172E-02  -3.49903727    
  -4.82963753       3.54095362E-02  -2.29357886    
  -5.00000000      -9.90540116E-07 -0.999963820    
  -4.82961893      -3.54114510E-02  0.293648839    
  -4.33010626      -6.84086382E-02   1.49909997    
  -3.53550196      -9.67439041E-02   2.53424191    
  -2.49995804     -0.118486181       3.32852983    
  -1.29404652     -0.132153794       3.82783413    
   5.48958997E-05 -0.136815295       3.99812794    
   1.29415035     -0.132153034       3.82780647    
   2.50005341     -0.118484683       3.32847500    
   3.53557873      -9.67417955E-02   2.53416514    
   4.33016014      -6.84060901E-02   1.49900699    
   4.82964706      -3.54085490E-02  0.293542862    
   5.00000000       1.98108023E-06  -1.00007236    
 
   5.00000000       0.00000000      -1.00000000    
   4.82962847      0.779596984      -2.03291750    
   4.33012390       1.50606549      -2.99544311    
   3.53552771       2.12989759      -3.82198191    
   2.49998951       2.60858035      -4.45620680    
   1.29408026       2.90949130      -4.85489559    
  -1.80999505E-05   3.01212454      -4.99087811    
  -1.29411530       2.90948558      -4.85488796    
  -2.50002098       2.60856915      -4.45619202    
  -3.53555322       2.12988186      -3.82196116    
  -4.33014250       1.50604618      -2.99541759    
  -4.82963753      0.779576063      -2.03288984    
  -5.00000000      -2.18077221E-05 -0.999971092    
  -4.82961893     -0.779618204       3.29456329E-02
  -4.33010626      -1.50608397      0.995467663    
  -3.53550196      -2.12991309       1.82200241    
  -2.49995804      -2.60859084       2.45622087    
  -1.29404652      -2.90949678       2.85490251    
   5.48958997E-05  -3.01212454       2.99087787    
   1.29415035      -2.90948009       2.85488033    
   2.50005341      -2.60855794       2.45617700    
   3.53557873      -2.12986660       1.82194090    
   4.33016014      -1.50602794      0.995393395    
   4.82964706     -0.779554367       3.28611135E-02
   5.00000000       4.36154442E-05  -1.00005782    
 
   5.00000000       0.00000000      -1.00000000    
   4.82962847      0.400504172      -2.23056340    
   4.33012390      0.773714542      -3.37726569    
   3.53552771       1.09419727      -4.36196041    
   2.49998951       1.34011209      -5.11754227    
   1.29408026       1.49469984      -5.59251881    
  -1.80999505E-05   1.54742587      -5.75452137    
  -1.29411530       1.49469686      -5.59250975    
  -2.50002098       1.34010637      -5.11752462    
  -3.53555322       1.09418929      -4.36193562    
  -4.33014250      0.773704648      -3.37723517    
  -4.82963753      0.400493443      -2.23053026    
  -5.00000000      -1.12033322E-05 -0.999965549    
  -4.82961893     -0.400515109      0.230597019    
  -4.33010626     -0.773724079       1.37729478    
  -3.53550196      -1.09420514       2.36198449    
  -2.49995804      -1.34011757       3.11755896    
  -1.29404652      -1.49470270       3.59252739    
   5.48958997E-05  -1.54742587       3.75452137    
   1.29415035      -1.49469411       3.59250116    
   2.50005341      -1.34010053       3.11750698    
   3.53557873      -1.09418130       2.36191130    
   4.33016014     -0.773695290       1.37720633    
   4.82964706     -0.400482297      0.230496168    
   5.00000000       2.24066644E-05  -1.00006890    
 
   5.00000000       0.00000000      -1.00000000    
   4.82962847      0.776280403      -2.03541231    
   4.33012390       1.49965835      -3.00026274    
   3.53552771       2.12083673      -3.82879806    
   2.49998951       2.59748292      -4.46455479    
   1.29408026       2.89711404      -4.86420631    
  -1.80999505E-05   2.99931049      -5.00051689    
  -1.29411530       2.89710832      -4.86419868    
  -2.50002098       2.59747171      -4.46453953    
  -3.53555322       2.12082100      -3.82877707    
  -4.33014250       1.49963927      -3.00023723    
  -4.82963753      0.776259601      -2.03538465    
  -5.00000000      -2.17149482E-05 -0.999971032    
  -4.82961893     -0.776301563       3.54405642E-02
  -4.33010626      -1.49967682       1.00028729    
  -3.53550196      -2.12085199       1.82881832    
  -2.49995804      -2.59749341       2.46456861    
  -1.29404652      -2.89711928       2.86421323    
   5.48958997E-05  -2.99931049       3.00051689    
   1.29415035      -2.89710283       2.86419129    
   2.50005341      -2.59746051       2.46452475    
   3.53557873      -2.12080574       1.82875681    
   4.33016014      -1.49962103       1.00021291    
   4.82964706     -0.776238024       3.53558064E-02
   5.00000000       4.34298963E-05  -1.00005794    
 
   5.00000000       0.00000000      -1.00000000    
   4.82962847       1.17154098      -1.54971063    
   4.33012390       2.26324296      -2.06195927    
   3.53552771       3.20070815      -2.50183678    
   2.49998951       3.92004943      -2.83936596    
   1.29408026       4.37224436      -3.05154514    
  -1.80999505E-05   4.52647638      -3.12391400    
  -1.29411530       4.37223577      -3.05154109    
  -2.50002098       3.92003274      -2.83935833    
  -3.53555322       3.20068455      -2.50182557    
  -4.33014250       2.26321411      -2.06194544    
  -4.82963753       1.17150962      -1.54969585    
  -5.00000000      -3.27716007E-05 -0.999984622    
  -4.82961893      -1.17157292     -0.450274408    
  -4.33010626      -2.26327085       6.19722605E-02
  -3.53550196      -3.20073128      0.501847506    
  -2.49995804      -3.92006540      0.839373589    
  -1.29404652      -4.37225246       1.05154896    
   5.48958997E-05  -4.52647638       1.12391400    
   1.29415035      -4.37222767       1.05153704    
   2.50005341      -3.92001581      0.839350343    
   3.53557873      -3.20066142      0.501814842    
   4.33016014      -2.26318669       6.19328022E-02
   4.82964706      -1.17147696     -0.450319409    
   5.00000000       6.55432013E-05  -1.00003076    
 
   5.00000000       0.00000000      -1.00000000    
   4.82962847      0.812770784      -2.00702214    
   4.33012390       1.57015240      -2.94541717    
   3.53552771       2.22053003      -3.75123453    
   2.49998951       2.71958208      -4.36955929    
   1.29408026       3.03329754      -4.75825262    
  -1.80999505E-05   3.14029813      -4.89082623    
  -1.29411530       3.03329158      -4.75824547    
  -2.50002098       2.71957040      -4.36954498    
  -3.53555322       2.22051382      -3.75121427    
  -4.33014250       1.57013226      -2.94539213    
  -4.82963753      0.812749028      -2.00699520    
  -5.00000000      -2.27356959E-05 -0.999971807    
  -4.82961893     -0.812792957       7.04967976E-03
  -4.33010626      -1.57017171      0.945441127    
  -3.53550196      -2.22054625       1.75125432    
  -2.49995804      -2.71959305       2.36957288    
  -1.29404652      -3.03330326       2.75825977    
   5.48958997E-05  -3.14029813       2.89082623    
   1.29415035      -3.03328586       2.75823808    
   2.50005341      -2.71955872       2.36953020    
   3.53557873      -2.22049785       1.75119448    
   4.33016014      -1.57011330      0.945368767    
   4.82964706     -0.812726378       6.96718693E-03
   5.00000000       4.54713918E-05  -1.00005639    
 
   5.00000000       0.00000000      -1.00000000    
   4.82962847      0.779596984      -2.03291750    
   4.33012390       1.50606549      -2.99544311    
   3.53552771       2.12989759      -3.82198191    
   2.49998951       2.60858035      -4.45620680    
   1.29408026       2.90949130      -4.85489559    
  -1.80999505E-05   3.01212454      -4.99087811    
  -1.29411530       2.90948558      -4.85488796    
  -2.50002098       2.60856915      -4.45619202    
  -3.53555322       2.12988186      -3.82196116    
  -4.33014250       1.50604618      -2.99541759    
  -4.82963753      0.779576063      -2.03288984    
  -5.00000000      -2.18077221E-05 -0.999971092    
  -4.82961893     -0.779618204       3.29456329E-02
  -4.33010626      -1.50608397      0.995467663    
  -3.53550196      -2.12991309       1.82200241    
  -2.49995804      -2.60859084       2.45622087    
  -1.29404652      -2.90949678       2.85490251    
   5.48958997E-05  -3.01212454       2.99087787    
   1.29415035      -2.90948009       2.85488033    
   2.50005341      -2.60855794       2.45617700    
   3.53557873      -2.12986660       1.82194090    
   4.33016014      -1.50602794      0.995393395    
   4.82964706     -0.779554367       3.28611135E-02
   5.00000000       4.36154442E-05  -1.00005782    
 
   5.00000000       0.00000000      -1.00000000    
   4.82962847      0.400504172      -2.23056340    
   4.33012390      0.773714542      -3.37726569    
   3.53552771       1.09419727      -4.36196041    
   2.49998951       1.34011209      -5.11754227    
   1.29408026       1.49469984      -5.59251881    
  -1.80999505E-05   1.54742587      -5.75452137    
  -1.29411530       1.49469686      -5.59250975    
  -2.50002098       1.34010637      -5.11752462    
  -3.53555322       1.09418929      -4.36193562    
  -4.33014250      0.773704648      -3.37723517    
  -4.82963753      0.400493443      -2.23053026    
  -5.00000000      -1.12033322E-05 -0.999965549    
  -4.82961893     -0.400515109      0.230597019    
  -4.33010626     -0.773724079       1.37729478    
  -3.53550196      -1.09420514       2.36198449    
  -2.49995804      -1.34011757       3.11755896    
  -1.29404652      -1.49470270       3.59252739    
   5.48958997E-05  -1.54742587       3.75452137    
   1.29415035      -1.49469411       3.59250116    
   2.50005341      -1.34010053       3.11750698    
   3.53557873      -1.09418130       2.36191130    
   4.33016014     -0.773695290       1.37720633    
   4.82964706     -0.400482297      0.230496168    
   5.00000000       2.24066644E-05  -1.00006890    
 
   5.00000000       0.00000000      -1.00000000    
   4.82962847      0.776280403      -2.03541231    
   4.33012390       1.49965835      -3.00026274    
   3.53552771       2.12083673      -3.82879806    
   2.49998951       2.59748292      -4.46455479    
   1.29408026       2.89711404      -4.86420631    
  -1.80999505E-05   2.99931049      -5.00051689    
  -1.29411530       2.89710832      -4.86419868    
  -2.50002098       2.59747171      -4.46453953    
  -3.53555322       2.12082100      -3.82877707    
  -4.33014250       1.49963927      -3.00023723    
  -4.82963753      0.776259601      -2.03538465    
  -5.00000000      -2.17149482E-05 -0.999971032    
  -4.82961893     -0.776301563       3.54405642E-02
  -4.33010626      -1.49967682       1.00028729    
  -3.53550196      -2.12085199       1.82881832    
  -2.49995804      -2.59749341       2.46456861    
  -1.29404652      -2.89711928       2.86421323    
   5.48958997E-05  -2.99931049       3.00051689    
   1.29415035      -2.89710283       2.86419129    
   2.50005341      -2.59746051       2.46452475    
   3.53557873      -2.12080574       1.82875681    
   4.33016014      -1.49962103       1.00021291    
   4.82964706     -0.776238024       3.53558064E-02
   5.00000000       4.34298963E-05  -1.00005794    
 
   5.00000000       0.00000000      -1.00000000    
   4.82962847       1.17154098      -1.54971063    
   4.33012390       2.26324296      -2.06195927    
   3.53552771       3.20070815      -2.50183678    
   2.49998951       3.92004943      -2.83936596    
   1.29408026       4.37224436      -3.05154514    
  -1.80999505E-05   4.52647638      -3.12391400    
  -1.29411530       4.37223577      -3.05154109    
  -2.50002098       3.92003274      -2.83935833    
  -3.53555322       3.20068455      -2.50182557    
  -4.33014250       2.26321411      -2.06194544    
  -4.82963753       1.17150962      -1.54969585    
  -5.00000000      -3.27716007E-05 -0.999984622    
  -4.82961893      -1.17157292     -0.450274408    
  -4.33010626      -2.26327085       6.19722605E-02
  -3.53550196      -3.20073128      0.501847506    
  -2.49995804      -3.92006540      0.839373589    
  -1.29404652      -4.37225246       1.05154896    
   5.48958997E-05  -4.52647638       1.12391400    
   1.29415035      -4.37222767       1.05153704    
   2.50005341      -3.92001581      0.839350343    
   3.53557873      -3.20066142      0.501814842    
   4.33016014      -2.26318669       6.19328022E-02
   4.82964706      -1.17147696     -0.450319409    
   5.00000000       6.55432013E-05  -1.00003076    
 
   5.00000000       0.00000000      -1.00000000    
   4.82962847      0.812770784      -2.00702214    
   4.33012390       1.57015240      -2.94541717    
   3.53552771       2.22053003      -3.75123453    
   2.49998951       2.71958208      -4.36955929    
   1.29408026       3.03329754      -4.75825262    
  -1.80999505E-05   3.14029813      -4.89082623    
  -1.29411530       3.03329158      -4.75824547    
  -2.50002098       2.71957040      -4.36954498    
  -3.53555322       2.22051382      -3.75121427    
  -4.33014250       1.57013226      -2.94539213    
  -4.82963753      0.812749028      -2.00699520    
  -5.00000000      -2.27356959E-05 -0.999971807    
  -4.82961893     -0.812792957       7.04967976E-03
  -4.33010626      -1.57017171      0.945441127    
  -3.53550196      -2.22054625       1.75125432    
  -2.49995804      -2.71959305       2.36957288    
  -1.29404652      -3.03330326       2.75825977    
   5.48958997E-05  -3.14029813       2.89082623    
   1.29415035      -3.03328586       2.75823808    
   2.50005341      -2.71955872       2.36953020    
   3.53557873      -2.22049785       1.75119448    
   4.33016014      -1.57011330      0.945368767    
   4.82964706     -0.812726378       6.96718693E-03
   5.00000000       4.54713918E-05  -1.00005639    
 
