-0.197395563       1.57079637    
 -0.302276552       1.33281922    
 -0.399344206       1.08917451    
 -0.483126372      0.835061610    
 -0.548248410      0.567711234    
 -0.589780450      0.287761152    
 -0.604079485       0.00000000    
 -0.589779615      0.287769139    
 -0.548246920      0.567718863    
 -0.483124256      0.835068882    
 -0.399341583       1.08918154    
 -0.302273780       1.33282578    
 -0.197392598       1.57080293    
  -9.03574452E-02   1.80878007    
   1.26831662E-02   2.05242491    
  0.104842819       2.30653834    
  0.178610772       2.57388902    
  0.226653770       2.85383892    
  0.243375927       3.14159274    
  0.226651013       2.85381579    
  0.178605571       2.57386589    
  0.104835823       2.30651665    
   1.26750693E-02   2.05240440    
  -9.03663412E-02   1.80876005    
 -0.197401464       1.57078326   