    112.51       0.01
    112.26       0.17
    112.01       0.33
    111.76       0.49
    111.51       0.65
    111.26       0.81
    111.00       0.97
    110.75       1.13
    110.50       1.29
    110.25       1.45
    110.00       1.61
    109.75       1.78
    109.50       1.94
    109.25       2.10
    109.00       2.27
    108.75       2.43
    108.50       2.59
    108.25       2.76
    107.99       2.92
    107.74       3.09
    107.49       3.25
    107.24       3.41
    106.99       3.58
    106.74       3.75
    106.49       3.91
    106.24       4.08
    105.99       4.24
    105.74       4.41
    105.49       4.58
    105.23       4.74
    104.98       4.91
    104.73       5.08
    104.48       5.25
    104.23       5.41
    103.98       5.58
    103.73       5.75
    103.48       5.92
    103.23       6.09
    102.98       6.26
    102.73       6.42
    102.47       6.59
    102.22       6.76
    101.97       6.93
    101.72       7.10
    101.47       7.27
    101.22       7.44
    100.97       7.62
    100.72       7.79
    100.47       7.96
    100.22       8.13
     99.97       8.30
     99.71       8.47
     99.46       8.64
     99.21       8.82
     98.96       8.99
     98.71       9.16
     98.46       9.33
     98.21       9.51
     97.96       9.68
     97.71       9.85
     97.46      10.03
     97.21      10.20
     96.95      10.38
     96.70      10.55
     96.45      10.72
     96.20      10.90
     95.95      11.07
     95.70      11.25
     95.45      11.42
     95.20      11.60
     94.95      11.77
     94.70      11.95
     94.45      12.13
     94.19      12.30
     93.94      12.48
     93.69      12.65
     93.44      12.83
     93.19      13.01
     92.94      13.18
     92.69      13.36
     92.44      13.54
     92.19      13.72
     91.94      13.89
     91.69      14.07
     91.44      14.25
     91.18      14.43
     90.93      14.60
     90.68      14.78
     90.43      14.96
     90.18      15.14
     89.93      15.32
     89.68      15.50
     89.43      15.68
     89.18      15.86
     88.93      16.04
     88.68      16.21
     88.42      16.39
     88.17      16.57
     87.92      16.75
     87.67      16.93
     87.42      17.11
     87.17      17.29
     86.92      17.48
     86.67      17.66
     86.42      17.84
     86.17      18.02
     85.92      18.20
     85.66      18.38
     85.41      18.56
     85.16      18.74
     84.91      18.92
     84.66      19.11
     84.41      19.29
     84.16      19.47
     83.91      19.65
     83.66      19.83
     83.41      20.02
     83.16      20.20
     82.90      20.38
     82.65      20.56
     82.40      20.75
     82.15      20.93
     81.90      21.11
     81.65      21.30
     81.40      21.48
     81.15      21.66
     80.90      21.85
     80.65      22.03
     80.40      22.21
     80.14      22.40
     79.89      22.58
     79.64      22.76
     79.39      22.95
     79.14      23.13
     78.89      23.32
     78.64      23.50
     78.39      23.69
     78.14      23.87
     77.89      24.06
     77.64      24.24
     77.38      24.42
     77.13      24.61
     76.88      24.79
     76.63      24.98
     76.38      25.17
     76.13      25.35
     75.88      25.54
     75.63      25.72
     75.38      25.91
     75.13      26.09
     74.88      26.28
     74.62      26.46
     74.37      26.65
     74.12      26.84
     73.87      27.02
     73.62      27.21
     73.37      27.39
     73.12      27.58
     72.87      27.77
     72.62      27.95
     72.37      28.14
     72.12      28.33
     71.86      28.51
     71.61      28.70
     71.36      28.88
     71.11      29.07
     70.86      29.26
     70.61      29.45
     70.36      29.63
     70.11      29.82
     69.86      30.01
     69.61      30.19
     69.36      30.38
     69.10      30.57
     68.85      30.75
     68.60      30.94
     68.35      31.13
     68.10      31.32
     67.85      31.50
     67.60      31.69
     67.35      31.88
     67.10      32.07
     66.85      32.25
     66.60      32.44
     66.35      32.63
     66.09      32.82
     65.84      33.00
     65.59      33.19
     65.34      33.38
     65.09      33.57
     64.84      33.76
     64.59      33.94
     64.34      34.13
     64.09      34.32
     63.84      34.51
     63.59      34.69
     63.33      34.88
     63.08      35.07
     62.83      35.26
     62.58      35.45
     62.33      35.63
     62.08      35.82
     61.83      36.01
     61.58      36.20
     61.33      36.39
     61.08      36.57
     60.83      36.76
     60.57      36.95
     60.32      37.14
     60.07      37.33
     59.82      37.51
     59.57      37.70
     59.32      37.89
     59.07      38.08
     58.82      38.27
     58.57      38.45
     58.32      38.64
     58.07      38.83
     57.81      39.02
     57.56      39.21
     57.31      39.39
     57.06      39.58
     56.81      39.77
     56.56      39.96
     56.31      40.14
     56.06      40.33
     55.81      40.52
     55.56      40.71
     55.31      40.90
     55.05      41.08
     54.80      41.27
     54.55      41.46
     54.30      41.65
     54.05      41.83
     53.80      42.02
     53.55      42.21
     53.30      42.40
     53.05      42.58
     52.80      42.77
     52.55      42.96
     52.29      43.14
     52.04      43.33
     51.79      43.52
     51.54      43.70
     51.29      43.89
     51.04      44.08
     50.79      44.26
     50.54      44.45
     50.29      44.64
     50.04      44.82
     49.79      45.01
     49.53      45.20
     49.28      45.38
     49.03      45.57
     48.78      45.76
     48.53      45.94
     48.28      46.13
     48.03      46.31
     47.78      46.50
     47.53      46.68
     47.28      46.87
     47.03      47.05
     46.77      47.24
     46.52      47.42
     46.27      47.61
     46.02      47.79
     45.77      47.98
     45.52      48.16
     45.27      48.35
     45.02      48.53
     44.77      48.72
     44.52      48.90
     44.27      49.09
     44.01      49.27
     43.76      49.45
     43.51      49.64
     43.26      49.82
     43.01      50.00
     42.76      50.19
     42.51      50.37
     42.26      50.55
     42.01      50.73
     41.76      50.92
     41.51      51.10
     41.25      51.28
     41.00      51.46
     40.75      51.64
     40.50      51.82
     40.25      52.01
     40.00      52.19
     39.75      52.37
     39.50      52.55
     39.25      52.73
     39.00      52.91
     38.75      53.09
     38.49      53.27
     38.24      53.45
     37.99      53.63
     37.74      53.81
     37.49      53.98
     37.24      54.16
     36.99      54.34
     36.74      54.52
     36.49      54.70
     36.24      54.87
     35.99      55.05
     35.73      55.23
     35.48      55.40
     35.23      55.58
     34.98      55.76
     34.73      55.93
     34.48      56.11
     34.23      56.28
     33.98      56.46
     33.73      56.63
     33.48      56.80
     33.23      56.98
     32.97      57.15
     32.72      57.32
     32.47      57.50
     32.22      57.67
     31.97      57.84
     31.72      58.01
     31.47      58.18
     31.22      58.35
     30.97      58.52
     30.72      58.69
     30.47      58.86
     30.21      59.03
     29.96      59.20
     29.71      59.37
     29.46      59.54
     29.21      59.70
     28.96      59.87
     28.71      60.04
     28.46      60.20
     28.21      60.37
     27.96      60.53
     27.71      60.70
     27.45      60.86
     27.20      61.02
     26.95      61.18
     26.70      61.35
     26.45      61.51
     26.20      61.67
     25.95      61.83
     25.70      61.99
     25.45      62.15
     25.20      62.31
     24.95      62.46
     24.70      62.62
     24.44      62.78
     24.19      62.93
     23.94      63.09
     23.69      63.24
     23.44      63.40
     23.19      63.55
     22.94      63.70
     22.69      63.85
     22.44      64.00
     22.19      64.15
     21.94      64.30
     21.68      64.45
     21.43      64.60
     21.18      64.74
     20.93      64.89
     20.68      65.03
     20.43      65.18
     20.18      65.32
     19.93      65.46
     19.68      65.60
     19.43      65.74
     19.18      65.88
     18.92      66.02
     18.67      66.16
     18.42      66.29
     18.17      66.43
     17.92      66.56
     17.67      66.70
     17.42      66.83
     17.17      66.96
     16.92      67.09
     16.67      67.22
     16.42      67.34
     16.16      67.47
     15.91      67.59
     15.66      67.72
     15.41      67.84
     15.16      67.96
     14.91      68.08
     14.66      68.20
     14.41      68.32
     14.16      68.43
     13.91      68.55
     13.66      68.66
     13.40      68.77
     13.15      68.88
     12.90      68.99
     12.65      69.09
     12.40      69.20
     12.15      69.30
     11.90      69.40
     11.65      69.50
     11.40      69.60
     11.15      69.70
     10.90      69.80
     10.64      69.89
     10.39      69.98
     10.14      70.07
      9.89      70.16
      9.64      70.25
      9.39      70.33
      9.14      70.41
      8.89      70.49
      8.64      70.57
      8.39      70.65
      8.14      70.72
      7.88      70.80
      7.63      70.87
      7.38      70.94
      7.13      71.00
      6.88      71.07
      6.63      71.13
      6.38      71.19
      6.13      71.25
      5.88      71.31
      5.63      71.36
      5.38      71.41
      5.12      71.46
      4.87      71.51
      4.62      71.55
      4.37      71.60
      4.12      71.64
      3.87      71.68
      3.62      71.71
      3.37      71.74
      3.12      71.78
      2.87      71.80
      2.62      71.83
      2.36      71.86
      2.11      71.88
      1.86      71.90
      1.61      71.91
      1.36      71.93
      1.11      71.94
      0.86      71.95
      0.61      71.96
      0.36      71.96
      0.11      71.96
      0.15      71.96
      0.40      71.96
     -0.65      71.95
     -0.90      71.95
     -1.15      71.94
     -1.40      71.93
     -1.65      71.91
     -1.90      71.89
     -2.15      71.87
     -2.40      71.85
     -2.65      71.83
     -2.91      71.80
     -3.16      71.77
     -3.41      71.74
     -3.66      71.71
     -3.91      71.67
     -4.16      71.63
     -4.41      71.59
     -4.66      71.55
     -4.91      71.50
     -5.16      71.45
     -5.41      71.40
     -5.67      71.35
     -5.92      71.30
     -6.17      71.24
     -6.42      71.18
     -6.67      71.12
     -6.92      71.06
     -7.17      70.99
     -7.42      70.93
     -7.67      70.86
     -7.92      70.79
     -8.17      70.71
     -8.43      70.64
     -8.68      70.56
     -8.93      70.48
     -9.18      70.40
     -9.43      70.32
     -9.68      70.23
     -9.93      70.14
    -10.18      70.06
    -10.43      69.97
    -10.68      69.87
    -10.93      69.78
    -11.19      69.68
    -11.44      69.59
    -11.69      69.49
    -11.94      69.39
    -12.19      69.29
    -12.44      69.18
    -12.69      69.08
    -12.94      68.97
    -13.19      68.86
    -13.44      68.75
    -13.69      68.64
    -13.95      68.53
    -14.20      68.41
    -14.45      68.30
    -14.70      68.18
    -14.95      68.06
    -15.20      67.94
    -15.45      67.82
    -15.70      67.70
    -15.95      67.57
    -16.20      67.45
    -16.45      67.32
    -16.71      67.20
    -16.96      67.07
    -17.21      66.94
    -17.46      66.81
    -17.71      66.68
    -17.96      66.54
    -18.21      66.41
    -18.46      66.27
    -18.71      66.14
    -18.96      66.00
    -19.21      65.86
    -19.47      65.72
    -19.72      65.58
    -19.97      65.44
    -20.22      65.30
    -20.47      65.15
    -20.72      65.01
    -20.97      64.87
    -21.22      64.72
    -21.47      64.57
    -21.72      64.43
    -21.97      64.28
    -22.23      64.13
    -22.48      63.98
    -22.73      63.83
    -22.98      63.68
    -23.23      63.52
    -23.48      63.37
    -23.73      63.22
    -23.98      63.06
    -24.23      62.91
    -24.48      62.75
    -24.73      62.60
    -24.99      62.44
    -25.24      62.28
    -25.49      62.12
    -25.74      61.96
    -25.99      61.80
    -26.24      61.64
    -26.49      61.48
    -26.74      61.32
    -26.99      61.16
    -27.24      61.00
    -27.49      60.83
    -27.75      60.67
    -28.00      60.50
    -28.25      60.34
    -28.50      60.17
    -28.75      60.01
    -29.00      59.84
    -29.25      59.68
    -29.50      59.51
    -29.75      59.34
    -30.00      59.17
    -30.25      59.00
    -30.51      58.84
    -30.76      58.67
    -31.01      58.50
    -31.26      58.33
    -31.51      58.16
    -31.76      57.98
    -32.01      57.81
    -32.26      57.64
    -32.51      57.47
    -32.76      57.30
    -33.01      57.12
    -33.27      56.95
    -33.52      56.78
    -33.77      56.60
    -34.02      56.43
    -34.27      56.25
    -34.52      56.08
    -34.77      55.90
    -35.02      55.73
    -35.27      55.55
    -35.52      55.37
    -35.77      55.20
    -36.03      55.02
    -36.28      54.84
    -36.53      54.67
    -36.78      54.49
    -37.03      54.31
    -37.28      54.13
    -37.53      53.95
    -37.78      53.78
    -38.03      53.60
    -38.28      53.42
    -38.53      53.24
    -38.79      53.06
    -39.04      52.88
    -39.29      52.70
    -39.54      52.52
    -39.79      52.34
    -40.04      52.16
    -40.29      51.98
    -40.54      51.79
    -40.79      51.61
    -41.04      51.43
    -41.29      51.25
    -41.55      51.07
    -41.80      50.89
    -42.05      50.70
    -42.30      50.52
    -42.55      50.34
    -42.80      50.16
    -43.05      49.97
    -43.30      49.79
    -43.55      49.61
    -43.80      49.42
    -44.05      49.24
    -44.30      49.05
    -44.56      48.87
    -44.81      48.69
    -45.06      48.50
    -45.31      48.32
    -45.56      48.13
    -45.81      47.95
    -46.06      47.76
    -46.31      47.58
    -46.56      47.39
    -46.81      47.21
    -47.06      47.02
    -47.32      46.84
    -47.57      46.65
    -47.82      46.47
    -48.07      46.28
    -48.32      46.10
    -48.57      45.91
    -48.82      45.72
    -49.07      45.54
    -49.32      45.35
    -49.57      45.17
    -49.82      44.98
    -50.08      44.79
    -50.33      44.61
    -50.58      44.42
    -50.83      44.23
    -51.08      44.05
    -51.33      43.86
    -51.58      43.67
    -51.83      43.49
    -52.08      43.30
    -52.33      43.11
    -52.58      42.93
    -52.84      42.74
    -53.09      42.55
    -53.34      42.36
    -53.59      42.18
    -53.84      41.99
    -54.09      41.80
    -54.34      41.61
    -54.59      41.43
    -54.84      41.24
    -55.09      41.05
    -55.34      40.86
    -55.60      40.68
    -55.85      40.49
    -56.10      40.30
    -56.35      40.11
    -56.60      39.93
    -56.85      39.74
    -57.10      39.55
    -57.35      39.36
    -57.60      39.17
    -57.85      38.99
    -58.10      38.80
    -58.36      38.61
    -58.61      38.42
    -58.86      38.23
    -59.11      38.05
    -59.36      37.86
    -59.61      37.67
    -59.86      37.48
    -60.11      37.29
    -60.36      37.11
    -60.61      36.92
    -60.86      36.73
    -61.12      36.54
    -61.37      36.35
    -61.62      36.17
    -61.87      35.98
    -62.12      35.79
    -62.37      35.60
    -62.62      35.41
    -62.87      35.23
    -63.12      35.04
    -63.37      34.85
    -63.62      34.66
    -63.88      34.47
    -64.13      34.29
    -64.38      34.10
    -64.63      33.91
    -64.88      33.72
    -65.13      33.54
    -65.38      33.35
    -65.63      33.16
    -65.88      32.97
    -66.13      32.78
    -66.38      32.60
    -66.64      32.41
    -66.89      32.22
    -67.14      32.03
    -67.39      31.85
    -67.64      31.66
    -67.89      31.47
    -68.14      31.28
    -68.39      31.10
    -68.64      30.91
    -68.89      30.72
    -69.14      30.54
    -69.40      30.35
    -69.65      30.16
    -69.90      29.97
    -70.15      29.79
    -70.40      29.60
    -70.65      29.41
    -70.90      29.23
    -71.15      29.04
    -71.40      28.85
    -71.65      28.67
    -71.90      28.48
    -72.16      28.29
    -72.41      28.11
    -72.66      27.92
    -72.91      27.73
    -73.16      27.55
    -73.41      27.36
    -73.66      27.18
    -73.91      26.99
    -74.16      26.80
    -74.41      26.62
    -74.66      26.43
    -74.92      26.25
    -75.17      26.06
    -75.42      25.88
    -75.67      25.69
    -75.92      25.50
    -76.17      25.32
    -76.42      25.13
    -76.67      24.95
    -76.92      24.76
    -77.17      24.58
    -77.42      24.39
    -77.67      24.21
    -77.93      24.02
    -78.18      23.84
    -78.43      23.65
    -78.68      23.47
    -78.93      23.29
    -79.18      23.10
    -79.43      22.92
    -79.68      22.73
    -79.93      22.55
    -80.18      22.37
    -80.43      22.18
    -80.69      22.00
    -80.94      21.81
    -81.19      21.63
    -81.44      21.45
    -81.69      21.26
    -81.94      21.08
    -82.19      20.90
    -82.44      20.72
    -82.69      20.53
    -82.94      20.35
    -83.19      20.17
    -83.45      19.98
    -83.70      19.80
    -83.95      19.62
    -84.20      19.44
    -84.45      19.26
    -84.70      19.07
    -84.95      18.89
    -85.20      18.71
    -85.45      18.53
    -85.70      18.35
    -85.95      18.17
    -86.21      17.99
    -86.46      17.81
    -86.71      17.62
    -86.96      17.44
    -87.21      17.26
    -87.46      17.08
    -87.71      16.90
    -87.96      16.72
    -88.21      16.54
    -88.46      16.36
    -88.71      16.18
    -88.97      16.00
    -89.22      15.82
    -89.47      15.65
    -89.72      15.47
    -89.97      15.29
    -90.22      15.11
    -90.47      14.93
    -90.72      14.75
    -90.97      14.57
    -91.22      14.40
    -91.47      14.22
    -91.73      14.04
    -91.98      13.86
    -92.23      13.68
    -92.48      13.51
    -92.73      13.33
    -92.98      13.15
    -93.23      12.98
    -93.48      12.80
    -93.73      12.62
    -93.98      12.45
    -94.23      12.27
    -94.49      12.09
    -94.74      11.92
    -94.99      11.74
    -95.24      11.57
    -95.49      11.39
    -95.74      11.22
    -95.99      11.04
    -96.24      10.87
    -96.49      10.69
    -96.74      10.52
    -96.99      10.34
    -97.24      10.17
    -97.50      10.00
    -97.75       9.82
    -98.00       9.65
    -98.25       9.48
    -98.50       9.30
    -98.75       9.13
    -99.00       8.96
    -99.25       8.79
    -99.50       8.61
    -99.75       8.44
   -100.00       8.27
   -100.26       8.10
   -100.51       7.93
   -100.76       7.76
   -101.01       7.58
   -101.26       7.41
   -101.51       7.24
   -101.76       7.07
   -102.01       6.90
   -102.26       6.73
   -102.51       6.56
   -102.76       6.39
   -103.02       6.22
   -103.27       6.06
   -103.52       5.89
   -103.77       5.72
   -104.02       5.55
   -104.27       5.38
   -104.52       5.21
   -104.77       5.05
   -105.02       4.88
   -105.27       4.71
   -105.52       4.55
   -105.78       4.38
   -106.03       4.21
   -106.28       4.05
   -106.53       3.88
   -106.78       3.72
   -107.03       3.55
   -107.28       3.38
   -107.53       3.22
   -107.78       3.06
   -108.03       2.89
   -108.28       2.73
   -108.54       2.56
   -108.79       2.40
   -109.04       2.24
   -109.29       2.07
   -109.54       1.91
   -109.79       1.75
   -110.04       1.59
   -110.29       1.42
   -110.54       1.26
   -110.79       1.10
   -111.04       0.94
   -111.30       0.78
   -111.55       0.62
   -111.80       0.46
   -112.05       0.30
   -112.30       0.14
 
