     88.82       0.33
     85.02       3.17
     81.22       6.01
     77.42       8.84
     73.63      11.64
     69.83      14.42
     66.03      17.16
     62.23      19.86
     58.43      22.52
     54.63      25.12
     50.83      27.65
     47.03      30.10
     43.23      32.47
     39.43      34.73
     35.63      36.87
     31.83      38.87
     28.04      40.73
     24.24      42.40
     20.44      43.89
     16.64      45.16
     12.84      46.20
      9.04      46.99
      5.24      47.52
      1.44      47.77
     -2.36      47.74
     -6.16      47.43
     -9.96      46.85
    -13.76      46.00
    -17.56      44.91
    -21.36      43.59
    -25.15      42.07
    -28.95      40.35
    -32.75      38.46
    -36.55      36.43
    -40.35      34.26
    -44.15      31.98
    -47.95      29.60
    -51.75      27.13
    -55.55      24.58
    -59.35      21.98
    -63.15      19.31
    -66.95      16.60
    -70.74      13.85
    -74.54      11.07
    -78.34       8.27
    -82.14       5.45
    -85.94       2.61
 
