     67.36       0.07
     67.11       0.23
     66.86       0.39
     66.61       0.54
     66.36       0.70
     66.11       0.86
     65.86       1.02
     65.60       1.18
     65.35       1.33
     65.10       1.49
     64.85       1.65
     64.60       1.80
     64.35       1.96
     64.10       2.11
     63.85       2.27
     63.60       2.42
     63.35       2.58
     63.09       2.73
     62.84       2.89
     62.59       3.04
     62.34       3.19
     62.09       3.35
     61.84       3.50
     61.59       3.65
     61.34       3.80
     61.09       3.95
     60.84       4.10
     60.59       4.26
     60.33       4.41
     60.08       4.56
     59.83       4.71
     59.58       4.86
     59.33       5.00
     59.08       5.15
     58.83       5.30
     58.58       5.45
     58.33       5.60
     58.08       5.75
     57.82       5.89
     57.57       6.04
     57.32       6.19
     57.07       6.33
     56.82       6.48
     56.57       6.62
     56.32       6.77
     56.07       6.91
     55.82       7.05
     55.57       7.20
     55.32       7.34
     55.06       7.48
     54.81       7.63
     54.56       7.77
     54.31       7.91
     54.06       8.05
     53.81       8.19
     53.56       8.33
     53.31       8.47
     53.06       8.61
     52.81       8.75
     52.55       8.89
     52.30       9.03
     52.05       9.17
     51.80       9.31
     51.55       9.44
     51.30       9.58
     51.05       9.72
     50.80       9.85
     50.55       9.99
     50.30      10.12
     50.05      10.26
     49.79      10.39
     49.54      10.52
     49.29      10.66
     49.04      10.79
     48.79      10.92
     48.54      11.05
     48.29      11.19
     48.04      11.32
     47.79      11.45
     47.54      11.58
     47.28      11.71
     47.03      11.84
     46.78      11.97
     46.53      12.09
     46.28      12.22
     46.03      12.35
     45.78      12.48
     45.53      12.60
     45.28      12.73
     45.03      12.85
     44.78      12.98
     44.52      13.10
     44.27      13.23
     44.02      13.35
     43.77      13.47
     43.52      13.60
     43.27      13.72
     43.02      13.84
     42.77      13.96
     42.52      14.08
     42.27      14.20
     42.01      14.32
     41.76      14.44
     41.51      14.56
     41.26      14.68
     41.01      14.79
     40.76      14.91
     40.51      15.03
     40.26      15.14
     40.01      15.26
     39.76      15.37
     39.51      15.49
     39.25      15.60
     39.00      15.71
     38.75      15.83
     38.50      15.94
     38.25      16.05
     38.00      16.16
     37.75      16.27
     37.50      16.38
     37.25      16.49
     37.00      16.60
     36.74      16.71
     36.49      16.81
     36.24      16.92
     35.99      17.03
     35.74      17.13
     35.49      17.24
     35.24      17.34
     34.99      17.45
     34.74      17.55
     34.49      17.65
     34.24      17.75
     33.98      17.86
     33.73      17.96
     33.48      18.06
     33.23      18.16
     32.98      18.26
     32.73      18.35
     32.48      18.45
     32.23      18.55
     31.98      18.65
     31.73      18.74
     31.47      18.84
     31.22      18.93
     30.97      19.03
     30.72      19.12
     30.47      19.21
     30.22      19.31
     29.97      19.40
     29.72      19.49
     29.47      19.58
     29.22      19.67
     28.97      19.76
     28.71      19.85
     28.46      19.93
     28.21      20.02
     27.96      20.11
     27.71      20.19
     27.46      20.28
     27.21      20.36
     26.96      20.45
     26.71      20.53
     26.46      20.61
     26.20      20.69
     25.95      20.78
     25.70      20.86
     25.45      20.94
     25.20      21.01
     24.95      21.09
     24.70      21.17
     24.45      21.25
     24.20      21.32
     23.95      21.40
     23.69      21.47
     23.44      21.55
     23.19      21.62
     22.94      21.69
     22.69      21.77
     22.44      21.84
     22.19      21.91
     21.94      21.98
     21.69      22.05
     21.44      22.12
     21.19      22.18
     20.93      22.25
     20.68      22.32
     20.43      22.38
     20.18      22.45
     19.93      22.51
     19.68      22.57
     19.43      22.64
     19.18      22.70
     18.93      22.76
     18.68      22.82
     18.42      22.88
     18.17      22.94
     17.92      23.00
     17.67      23.05
     17.42      23.11
     17.17      23.17
     16.92      23.22
     16.67      23.28
     16.42      23.33
     16.17      23.38
     15.92      23.43
     15.66      23.49
     15.41      23.54
     15.16      23.59
     14.91      23.63
     14.66      23.68
     14.41      23.73
     14.16      23.78
     13.91      23.82
     13.66      23.87
     13.41      23.91
     13.15      23.95
     12.90      24.00
     12.65      24.04
     12.40      24.08
     12.15      24.12
     11.90      24.16
     11.65      24.20
     11.40      24.24
     11.15      24.27
     10.90      24.31
     10.65      24.34
     10.39      24.38
     10.14      24.41
      9.89      24.45
      9.64      24.48
      9.39      24.51
      9.14      24.54
      8.89      24.57
      8.64      24.60
      8.39      24.63
      8.14      24.65
      7.88      24.68
      7.63      24.71
      7.38      24.73
      7.13      24.75
      6.88      24.78
      6.63      24.80
      6.38      24.82
      6.13      24.84
      5.88      24.86
      5.63      24.88
      5.38      24.90
      5.12      24.92
      4.87      24.93
      4.62      24.95
      4.37      24.96
      4.12      24.98
      3.87      24.99
      3.62      25.00
      3.37      25.02
      3.12      25.03
      2.87      25.04
      2.61      25.04
      2.36      25.05
      2.11      25.06
      1.86      25.07
      1.61      25.07
      1.36      25.08
      1.11      25.08
      0.86      25.09
      0.61      25.09
      0.36      25.09
      0.11      25.09
      0.15      25.09
      0.40      25.09
     -0.65      25.09
     -0.90      25.08
     -1.15      25.08
     -1.40      25.08
     -1.65      25.07
     -1.90      25.07
     -2.15      25.06
     -2.41      25.05
     -2.66      25.04
     -2.91      25.03
     -3.16      25.02
     -3.41      25.01
     -3.66      25.00
     -3.91      24.99
     -4.16      24.98
     -4.41      24.96
     -4.66      24.95
     -4.91      24.93
     -5.17      24.91
     -5.42      24.90
     -5.67      24.88
     -5.92      24.86
     -6.17      24.84
     -6.42      24.82
     -6.67      24.80
     -6.92      24.77
     -7.17      24.75
     -7.42      24.73
     -7.68      24.70
     -7.93      24.68
     -8.18      24.65
     -8.43      24.62
     -8.68      24.59
     -8.93      24.56
     -9.18      24.53
     -9.43      24.50
     -9.68      24.47
     -9.93      24.44
    -10.18      24.41
    -10.44      24.37
    -10.69      24.34
    -10.94      24.30
    -11.19      24.27
    -11.44      24.23
    -11.69      24.19
    -11.94      24.15
    -12.19      24.11
    -12.44      24.07
    -12.69      24.03
    -12.95      23.99
    -13.20      23.95
    -13.45      23.90
    -13.70      23.86
    -13.95      23.81
    -14.20      23.77
    -14.45      23.72
    -14.70      23.67
    -14.95      23.63
    -15.20      23.58
    -15.45      23.53
    -15.71      23.48
    -15.96      23.43
    -16.21      23.37
    -16.46      23.32
    -16.71      23.27
    -16.96      23.21
    -17.21      23.16
    -17.46      23.10
    -17.71      23.05
    -17.96      22.99
    -18.22      22.93
    -18.47      22.87
    -18.72      22.81
    -18.97      22.75
    -19.22      22.69
    -19.47      22.63
    -19.72      22.56
    -19.97      22.50
    -20.22      22.44
    -20.47      22.37
    -20.73      22.31
    -20.98      22.24
    -21.23      22.17
    -21.48      22.11
    -21.73      22.04
    -21.98      21.97
    -22.23      21.90
    -22.48      21.83
    -22.73      21.76
    -22.98      21.68
    -23.23      21.61
    -23.49      21.54
    -23.74      21.46
    -23.99      21.39
    -24.24      21.31
    -24.49      21.24
    -24.74      21.16
    -24.99      21.08
    -25.24      21.00
    -25.49      20.92
    -25.74      20.84
    -26.00      20.76
    -26.25      20.68
    -26.50      20.60
    -26.75      20.52
    -27.00      20.43
    -27.25      20.35
    -27.50      20.27
    -27.75      20.18
    -28.00      20.09
    -28.25      20.01
    -28.50      19.92
    -28.76      19.83
    -29.01      19.74
    -29.26      19.65
    -29.51      19.56
    -29.76      19.47
    -30.01      19.38
    -30.26      19.29
    -30.51      19.20
    -30.76      19.11
    -31.01      19.01
    -31.27      18.92
    -31.52      18.82
    -31.77      18.73
    -32.02      18.63
    -32.27      18.53
    -32.52      18.44
    -32.77      18.34
    -33.02      18.24
    -33.27      18.14
    -33.52      18.04
    -33.77      17.94
    -34.03      17.84
    -34.28      17.74
    -34.53      17.64
    -34.78      17.53
    -35.03      17.43
    -35.28      17.32
    -35.53      17.22
    -35.78      17.11
    -36.03      17.01
    -36.28      16.90
    -36.54      16.80
    -36.79      16.69
    -37.04      16.58
    -37.29      16.47
    -37.54      16.36
    -37.79      16.25
    -38.04      16.14
    -38.29      16.03
    -38.54      15.92
    -38.79      15.81
    -39.04      15.69
    -39.30      15.58
    -39.55      15.47
    -39.80      15.35
    -40.05      15.24
    -40.30      15.12
    -40.55      15.01
    -40.80      14.89
    -41.05      14.77
    -41.30      14.66
    -41.55      14.54
    -41.81      14.42
    -42.06      14.30
    -42.31      14.18
    -42.56      14.06
    -42.81      13.94
    -43.06      13.82
    -43.31      13.70
    -43.56      13.58
    -43.81      13.45
    -44.06      13.33
    -44.31      13.21
    -44.57      13.08
    -44.82      12.96
    -45.07      12.83
    -45.32      12.71
    -45.57      12.58
    -45.82      12.46
    -46.07      12.33
    -46.32      12.20
    -46.57      12.07
    -46.82      11.95
    -47.08      11.82
    -47.33      11.69
    -47.58      11.56
    -47.83      11.43
    -48.08      11.30
    -48.33      11.17
    -48.58      11.03
    -48.83      10.90
    -49.08      10.77
    -49.33      10.64
    -49.58      10.50
    -49.84      10.37
    -50.09      10.24
    -50.34      10.10
    -50.59       9.97
    -50.84       9.83
    -51.09       9.69
    -51.34       9.56
    -51.59       9.42
    -51.84       9.28
    -52.09       9.15
    -52.35       9.01
    -52.60       8.87
    -52.85       8.73
    -53.10       8.59
    -53.35       8.45
    -53.60       8.31
    -53.85       8.17
    -54.10       8.03
    -54.35       7.89
    -54.60       7.75
    -54.85       7.60
    -55.11       7.46
    -55.36       7.32
    -55.61       7.18
    -55.86       7.03
    -56.11       6.89
    -56.36       6.74
    -56.61       6.60
    -56.86       6.45
    -57.11       6.31
    -57.36       6.16
    -57.62       6.02
    -57.87       5.87
    -58.12       5.72
    -58.37       5.57
    -58.62       5.43
    -58.87       5.28
    -59.12       5.13
    -59.37       4.98
    -59.62       4.83
    -59.87       4.68
    -60.12       4.53
    -60.38       4.38
    -60.63       4.23
    -60.88       4.08
    -61.13       3.93
    -61.38       3.78
    -61.63       3.63
    -61.88       3.47
    -62.13       3.32
    -62.38       3.17
    -62.63       3.01
    -62.89       2.86
    -63.14       2.71
    -63.39       2.55
    -63.64       2.40
    -63.89       2.24
    -64.14       2.09
    -64.39       1.93
    -64.64       1.78
    -64.89       1.62
    -65.14       1.46
    -65.39       1.31
    -65.65       1.15
    -65.90       0.99
    -66.15       0.84
    -66.40       0.68
    -66.65       0.52
    -66.90       0.36
    -67.15       0.20
    -67.40       0.04
 
