    109.06       2.19
    108.87       2.32
    105.32       4.66
    105.13       4.79
    101.58       7.17
    101.39       7.30
     97.84       9.73
     97.65       9.87
     94.10      12.34
     93.92      12.47
     93.03      13.10
     90.18      15.12
     89.29      15.76
     86.44      17.80
     85.55      18.44
     82.70      20.51
     81.82      21.16
     78.96      23.25
     78.08      23.90
     75.22      26.00
     74.34      26.66
     71.48      28.78
     70.60      29.44
     67.74      31.56
     66.86      32.23
     64.00      34.36
     63.12      35.03
     60.27      37.16
     59.38      37.83
     56.53      39.96
     55.64      40.63
     52.79      42.76
     51.90      43.42
     49.05      45.54
     48.17      46.20
     45.31      48.30
     44.43      48.95
     41.57      51.03
     40.69      51.67
     37.83      53.72
     36.95      54.35
     34.09      56.36
     33.21      56.97
     30.35      58.92
     29.47      59.51
     26.62      61.38
     25.73      61.95
     22.88      63.72
     21.99      64.25
     19.14      65.88
     18.25      66.36
     15.40      67.82
     14.51      68.24
     11.66      69.47
     10.78      69.82
      7.92      70.76
      7.04      71.00
      4.18      71.60
      3.30      71.73
      0.44      71.93
 
     -0.44      71.93
     -3.30      71.73
     -4.18      71.60
     -7.04      71.00
     -7.92      70.76
    -10.78      69.82
    -11.66      69.47
    -14.51      68.24
    -15.40      67.82
    -18.25      66.36
    -19.14      65.88
    -21.99      64.25
    -22.88      63.72
    -25.73      61.95
    -26.62      61.38
    -29.47      59.51
    -30.35      58.92
    -33.21      56.97
    -34.09      56.36
    -36.95      54.35
    -37.83      53.72
    -40.69      51.67
    -41.57      51.03
    -44.43      48.95
    -45.31      48.30
    -48.17      46.20
    -49.05      45.54
    -51.90      43.42
    -52.79      42.76
    -55.64      40.63
    -56.53      39.96
    -59.38      37.83
    -60.27      37.16
    -63.12      35.03
    -64.00      34.36
    -66.86      32.23
    -67.74      31.56
    -70.60      29.44
    -71.48      28.78
    -74.34      26.66
    -75.22      26.00
    -78.08      23.90
    -78.96      23.25
    -81.82      21.16
    -82.70      20.51
    -85.55      18.44
    -86.44      17.80
    -89.29      15.76
    -90.18      15.12
    -93.03      13.10
    -93.92      12.47
    -94.10      12.34
    -97.65       9.87
    -97.84       9.73
   -101.39       7.30
   -101.58       7.17
   -105.13       4.79
   -105.32       4.66
   -108.87       2.32
   -109.06       2.19
