   65.9813461       1.61603951    
54.8214569       8.32998371    
   50.9177933       10.5058861    
   39.7389450       16.1333332    
   35.8293266       17.8601036    
   24.6358891       21.9871407    
   20.7220497       23.1131840    
   9.51937675       25.3181343    
   5.60331011       25.7115517    
  -5.60331011       25.7115517    
  -9.51937675       25.3181343    
  -20.7220497       23.1131840    
  -24.6358891       21.9871407    
  -35.8293266       17.8601036    
  -39.7389450       16.1333332    
  -50.9177933       10.5058861    
  -54.8214569       8.32998371    
  -65.9813461       1.61603951    
