5.00000000       0.00000000      -1.00000000    
   4.82962847      -1.66949965E-02  -2.29399061    
   4.33012390      -3.22522521E-02  -3.49979711    
   3.53552771      -4.56115566E-02  -4.53524590    
   2.49998951      -5.58625013E-02  -5.32977295    
   1.29408026      -6.23064861E-02  -5.82923126    
  -1.80999505E-05  -6.45043626E-02  -5.99958420    
  -1.29411530      -6.23063631E-02  -5.82922173    
  -2.50002098      -5.58622628E-02  -5.32975435    
  -3.53555322      -4.56112213E-02  -4.53522015    
  -4.33014250      -3.22518386E-02  -3.49976540    
  -4.82963753      -1.66945476E-02  -2.29395580    
  -5.00000000       4.67010324E-07 -0.999963820    
  -4.82961893       1.66954510E-02  0.294025779    
  -4.33010626       3.22526470E-02   1.49982786    
  -3.53550196       4.56118882E-02   2.53527164    
  -2.49995804       5.58627285E-02   3.32979059    
  -1.29404652       6.23066016E-02   3.82924032    
   5.48958997E-05   6.45043626E-02   3.99958420    
   1.29415035       6.23062439E-02   3.82921267    
   2.50005341       5.58620207E-02   3.32973576    
   3.53557873       4.56108935E-02   2.53519464    
   4.33016014       3.22514474E-02   1.49973512    
   4.82964706       1.66940838E-02  0.293919802    
   5.00000000      -9.34020647E-07  -1.00007236    
 