   89.7755966      0.231980011    
   86.0161667       3.05075145    
   82.2567291       5.86404514    
   78.4972839       8.66643143    
   74.7378311       11.4522886    
   70.9783707       14.2157221    
   67.2188950       16.9504070    
   63.4594269       19.6495209    
   59.6999359       22.3055916    
   55.9404449       24.9103870    
   52.1809540       27.4547501    
   48.4214478       29.9284611    
   44.6619415       32.3200722    
   40.9024239       34.6167603    
   37.1429062       36.8042717    
   33.3833885       38.8667412    
   29.6238556       40.7867966    
   25.8643227       42.5456619    
   22.1047897       44.1234856    
   18.3452587       45.4998627    
   14.5856981       46.6545868    
   10.8261938       47.5688171    
   7.06664753       48.2261276    
   3.30706072       48.6138344    
  0.453250289       48.7241020    
   4.21290541       48.5546989    
   7.97242403       48.1091232    
   11.7319288       47.3963432    
   15.4915161       46.4299126    
   19.2510204       45.2269707    
   23.0105667       43.8067322    
   26.7700863       42.1895370    
   30.5296326       40.3957138    
   34.2891502       38.4449615    
   38.0486679       36.3558311    
   41.8081894       34.1453400    
   45.5677071       31.8290100    
   49.3271980       29.4208279    
   53.0867310       26.9333057    
   56.8461952       24.3776340    
   60.6056976       21.7637806    
   64.3651886       19.1007366    
   68.1246490       16.3966026    
   71.8841248       13.6586666    
   75.6435699       10.8937101    
   79.4030304       8.10792828    
   83.1624908       5.30720186    
   86.9219055       2.49716592    
  -89.7755966      0.231980011    
  -86.0161667       3.05075145    
  -82.2567291       5.86404514    
  -78.4972839       8.66643143    
  -74.7378311       11.4522886    
  -70.9783707       14.2157221    
  -67.2188950       16.9504070    
  -63.4594269       19.6495209    
  -59.6999359       22.3055916    
  -55.9404449       24.9103870    
  -52.1809540       27.4547501    
  -48.4214478       29.9284611    
  -44.6619415       32.3200722    
  -40.9024239       34.6167603    
  -37.1429062       36.8042717    
  -33.3833885       38.8667412    
  -29.6238556       40.7867966    
  -25.8643227       42.5456619    
  -22.1047897       44.1234856    
  -18.3452587       45.4998627    
  -14.5856981       46.6545868    
  -10.8261938       47.5688171    
  -7.06664753       48.2261276    
  -3.30706072       48.6138344    
 -0.453250289       48.7241020    
  -4.21290541       48.5546989    
  -7.97242403       48.1091232    
  -11.7319288       47.3963432    
  -15.4915161       46.4299126    
  -19.2510204       45.2269707    
  -23.0105667       43.8067322    
  -26.7700863       42.1895370    
  -30.5296326       40.3957138    
  -34.2891502       38.4449615    
  -38.0486679       36.3558311    
  -41.8081894       34.1453400    
  -45.5677071       31.8290100    
  -49.3271980       29.4208279    
  -53.0867310       26.9333057    
  -56.8461952       24.3776340    
  -60.6056976       21.7637806    
  -64.3651886       19.1007366    
  -68.1246490       16.3966026    
  -71.8841248       13.6586666    
  -75.6435699       10.8937101    
  -79.4030304       8.10792828    
  -83.1624908       5.30720186    
  -86.9219055       2.49716592    
 
   90.2707291       15.0789051    
   86.5095215       17.7734966    
   82.7483139       20.4983482    
   78.9870987       23.2492676    
   75.2258606       26.0221195    
   71.4646378       28.8127785    
   67.7033920       31.6169891    
   63.9421425       34.4303513    
   60.1808777       37.2482071    
   56.4196091       40.0653534    
   52.6583290       42.8760796    
   48.8970604       45.6737442    
   45.1357651       48.4505119    
   41.3744850       51.1969223    
   37.6131783       53.9012909    
   33.8518677       56.5488281    
   30.0905609       59.1205254    
   26.3292522       61.5916405    
   22.5679169       63.9296379    
   18.8065948       66.0917969    
   15.0452461       68.0228653    
   11.2839518       69.6539764    
   7.52256155       70.9058533    
   3.76123977       71.6987305    
   4.09810396E-04   71.9708099    
   3.76211405       71.6986160    
   7.52347708       70.9056320    
   11.2848120       69.6536636    
   15.0461206       68.0224304    
   18.8074837       66.0913162    
   22.5687923       63.9291306    
   26.3300991       61.5910950    
   30.0914211       59.1199532    
   33.8527298       56.5482140    
   37.6140251       53.9006767    
   41.3753586       51.1962967    
   45.1366119       48.4498825    
   48.8979225       45.6731033    
   52.6592026       42.8754501    
   56.4204674       40.0647240    
   60.1817513       37.2475510    
   63.9430046       34.4297104    
   67.7042465       31.6163464    
   71.4654999       28.8121223    
   75.2267227       26.0214787    
   78.9879456       23.2486401    
   82.7491837       20.4977131    
   86.5103912       17.7728767    
   90.2715912       15.0782909    
   94.0327759       12.4182863    
   97.7939606       9.79733753    
   101.555145       7.22012854    
   105.316315       4.69165993    
   109.077469       2.21717000    
   111.761948      0.486144423    
   108.000786       2.91866970    
   104.239609       5.40914917    
   100.478455       7.95205641    
   96.7172623       10.5422564    
   92.9561005       13.1748238    
   89.1948929       15.8451548    
  -90.2707291       15.0789051    
  -86.5095215       17.7734966    
  -82.7483139       20.4983482    
  -78.9870987       23.2492676    
  -75.2258606       26.0221195    
  -71.4646378       28.8127785    
  -67.7033920       31.6169891    
  -63.9421425       34.4303513    
  -60.1808777       37.2482071    
  -56.4196091       40.0653534    
  -52.6583290       42.8760796    
  -48.8970604       45.6737442    
  -45.1357651       48.4505119    
  -41.3744850       51.1969223    
  -37.6131783       53.9012909    
  -33.8518677       56.5488281    
  -30.0905609       59.1205254    
  -26.3292522       61.5916405    
  -22.5679169       63.9296379    
  -18.8065948       66.0917969    
  -15.0452461       68.0228653    
  -11.2839518       69.6539764    
  -7.52256155       70.9058533    
  -3.76123977       71.6987305    
  -4.09810396E-04   71.9708099    
  -3.76211405       71.6986160    
  -7.52347708       70.9056320    
  -11.2848120       69.6536636    
  -15.0461206       68.0224304    
  -18.8074837       66.0913162    
  -22.5687923       63.9291306    
  -26.3300991       61.5910950    
  -30.0914211       59.1199532    
  -33.8527298       56.5482140    
  -37.6140251       53.9006767    
  -41.3753586       51.1962967    
  -45.1366119       48.4498825    
  -48.8979225       45.6731033    
  -52.6592026       42.8754501    
  -56.4204674       40.0647240    
  -60.1817513       37.2475510    
  -63.9430046       34.4297104    
  -67.7042465       31.6163464    
  -71.4654999       28.8121223    
  -75.2267227       26.0214787    
  -78.9879456       23.2486401    
  -82.7491837       20.4977131    
  -86.5103912       17.7728767    
  -90.2715912       15.0782909    
  -94.0327759       12.4182863    
  -97.7939606       9.79733753    
  -101.555145       7.22012854    
  -105.316315       4.69165993    
  -109.077469       2.21717000    
  -111.761948      0.486144423    
  -108.000786       2.91866970    
  -104.239609       5.40914917    
  -100.478455       7.95205641    
  -96.7172623       10.5422564    
  -92.9561005       13.1748238    
  -89.1948929       15.8451548    
 
  0.453250289       48.3316116    
   4.21281004       48.1553917    
   7.97241068       47.7052040    
   11.7319288       46.9899178    
   15.4914341       46.0229187    
   19.2509804       44.8209419    
   23.0105133       43.4029312    
   26.7700443       41.7888527    
   30.5295773       39.9987450    
   34.2891083       38.0519829    
   38.0486412       35.9668655    
   41.8081589       33.7602272    
   45.5676651       31.4474506    
   49.3271713       29.0423546    
   53.0866737       26.5574017    
   56.8461800       24.0036945    
   60.6056595       21.3911743    
   64.3651352       18.7287521    
   68.1246109       16.0244884    
   71.8840942       13.2856703    
   75.6435547       10.5190334    
   79.4029999       7.73077250    
   83.1624374       4.92673397    
   86.9218750       2.11247706    
   88.8698578      0.520793915    
   85.1104507       3.33248949    
   81.3509979       6.13642597    
   77.5915375       8.92708397    
   73.8320999       11.6987209    
   70.0726166       14.4453115    
   66.3131561       17.1603470    
   62.5536652       19.8368244    
   58.7941742       22.4670486    
   55.0347099       25.0424957    
   51.2751923       27.5537739    
   47.5156975       29.9903145    
   43.7561798       32.3404274    
   39.9966736       34.5909691    
   36.2371559       36.7274475    
   32.4776230       38.7338257    
   28.7180920       40.5926437    
   24.9585457       42.2852287    
   21.1990147       43.7920609    
   17.4394951       45.0933304    
   13.6799221       46.1698341    
   9.92038918       47.0039062    
   6.16092587       47.5806732    
   2.40118837       47.8891792    
   1.35939574       47.9233170    
 -0.453250289       48.3316116    
  -4.21281004       48.1553917    
  -7.97241068       47.7052040    
  -11.7319288       46.9899178    
  -15.4914341       46.0229187    
  -19.2509804       44.8209419    
  -23.0105133       43.4029312    
  -26.7700443       41.7888527    
  -30.5295773       39.9987450    
  -34.2891083       38.0519829    
  -38.0486412       35.9668655    
  -41.8081589       33.7602272    
  -45.5676651       31.4474506    
  -49.3271713       29.0423546    
  -53.0866737       26.5574017    
  -56.8461800       24.0036945    
  -60.6056595       21.3911743    
  -64.3651352       18.7287521    
  -68.1246109       16.0244884    
  -71.8840942       13.2856703    
  -75.6435547       10.5190334    
  -79.4029999       7.73077250    
  -83.1624374       4.92673397    
  -86.9218750       2.11247706    
  -88.8698578      0.520793915    
  -85.1104507       3.33248949    
  -81.3509979       6.13642597    
  -77.5915375       8.92708397    
  -73.8320999       11.6987209    
  -70.0726166       14.4453115    
  -66.3131561       17.1603470    
  -62.5536652       19.8368244    
  -58.7941742       22.4670486    
  -55.0347099       25.0424957    
  -51.2751923       27.5537739    
  -47.5156975       29.9903145    
  -43.7561798       32.3404274    
  -39.9966736       34.5909691    
  -36.2371559       36.7274475    
  -32.4776230       38.7338257    
  -28.7180920       40.5926437    
  -24.9585457       42.2852287    
  -21.1990147       43.7920609    
  -17.4394951       45.0933304    
  -13.6799221       46.1698341    
  -9.92038918       47.0039062    
  -6.16092587       47.5806732    
  -2.40118837       47.8891792    
  -1.35939574       47.9233170    
 
   66.6274948      0.534112751    
   62.8662415       2.87360430    
   59.1049881       5.14020395    
   55.3437042       7.32706165    
   51.5824394       9.42687511    
   47.8211594       11.4319620    
   44.0598755       13.3342266    
   40.2985840       15.1252346    
   36.5372734       16.7962914    
   32.7759819       18.3384895    
   29.0146713       19.7429237    
   25.2533493       21.0007954    
   21.4920559       22.1036091    
   17.7307072       23.0434265    
   13.9694118       23.8130512    
   10.2080355       24.4062996    
   6.44676828       24.8182068    
   2.68537831       25.0452423    
   1.07688606       25.0853901    
   4.83804417       24.9382954    
   8.59944820       24.6052551    
   12.3607559       24.0891743    
   16.1220360       23.3944435    
   19.8834267       22.5267181    
   23.6446934       21.4928207    
   27.4060154       20.3003807    
   31.1673241       18.9576855    
   34.9286194       17.4734268    
   38.6899414       15.8564997    
   42.4511948       14.1158171    
   46.2125015       12.2601681    
   49.9737701       10.2981396    
   53.7350655       8.23794746    
   57.4963455       6.08746719    
   61.2575989       3.85419846    
   65.0188675       1.54512179    
  -66.6274948      0.534112751    
  -62.8662415       2.87360430    
  -59.1049881       5.14020395    
  -55.3437042       7.32706165    
  -51.5824394       9.42687511    
  -47.8211594       11.4319620    
  -44.0598755       13.3342266    
  -40.2985840       15.1252346    
  -36.5372734       16.7962914    
  -32.7759819       18.3384895    
  -29.0146713       19.7429237    
  -25.2533493       21.0007954    
  -21.4920559       22.1036091    
  -17.7307072       23.0434265    
  -13.9694118       23.8130512    
  -10.2080355       24.4062996    
  -6.44676828       24.8182068    
  -2.68537831       25.0452423    
  -1.07688606       25.0853901    
  -4.83804417       24.9382954    
  -8.59944820       24.6052551    
  -12.3607559       24.0891743    
  -16.1220360       23.3944435    
  -19.8834267       22.5267181    
  -23.6446934       21.4928207    
  -27.4060154       20.3003807    
  -31.1673241       18.9576855    
  -34.9286194       17.4734268    
  -38.6899414       15.8564997    
  -42.4511948       14.1158171    
  -46.2125015       12.2601681    
  -49.9737701       10.2981396    
  -53.7350655       8.23794746    
  -57.4963455       6.08746719    
  -61.2575989       3.85419846    
  -65.0188675       1.54512179    
 
