             0.000000000000000   147098075136.000000000000000
             0.365000000000000   147098109479.597625732421875
             0.730000000000000   147098246853.156799316406250
             1.095000000000000   147098487252.188507080078125
             1.460000000000000   147098830667.714843750000000
             1.825000000000000   147099277086.269500732421875
             2.190000000000000   147099826489.898468017578125
             2.555000000000000   147100478856.160888671875000
             2.920000000000000   147101234158.130371093750000
             3.285000000000001   147102092364.396392822265625
             3.650000000000000   147103053439.065917968750000
             4.015000000000000   147104117341.765380859375000
             4.380000000000001   147105284027.642944335937500
             4.745000000000001   147106553447.370880126953125
             5.110000000000000   147107925547.148223876953125
             5.475000000000000   147109400268.703887939453125
             5.840000000000000   147110977549.299591064453125
             6.205000000000001   147112657321.733581542968750
             6.570000000000001   147114439514.344085693359375
             6.935000000000000   147116324051.013427734375000
             7.300000000000001   147118310851.172088623046875
             7.665000000000001   147120399829.803253173828125
             8.029999999999999   147122590897.447387695312500
             8.395000000000000   147124883960.207305908203125
             8.760000000000002   147127278919.753143310546875
             9.125000000000000   147129775673.327972412109375
             9.490000000000002   147132374113.753387451171875
             9.855000000000000   147135074129.435394287109375
            10.220000000000001   147137875604.370635986328125
            10.585000000000003   147140778418.152709960937500
            10.949999999999999   147143782445.978881835937500
            11.315000000000000   147146887558.656951904296875
            11.680000000000000   147150093622.612335205078125
            12.045000000000002   147153400499.895477294921875
            12.410000000000002   147156808048.189514160156250
            12.775000000000002   147160316120.818023681640625
            13.140000000000002   147163924566.753112792968750
            13.504999999999999   147167633230.623840332031250
            13.870000000000001   147171441952.724731445312500
            14.235000000000001   147175350569.024536132812500
            14.600000000000001   147179358911.175262451171875
            14.965000000000002   147183466806.521575927734375
            15.330000000000002   147187674078.110168457031250
            15.695000000000002   147191980544.699462890625000
            16.059999999999999   147196386020.769775390625000
            16.425000000000001   147200890316.533386230468750
            16.789999999999999   147205493237.944915771484375
            17.155000000000001   147210194586.712097167968750
            17.520000000000003   147214994160.306640625000000
            17.885000000000002   147219891751.975311279296875
            18.250000000000000   147224887150.751281738281250
            18.615000000000002   147229980141.465759277343750
            18.980000000000004   147235170504.759704589843750
            19.344999999999999   147240458017.095825195312500
            19.710000000000001   147245842450.770965576171875
            20.074999999999999   147251323573.928375244140625
            20.440000000000001   147256901150.570495605468750
            20.805000000000000   147262574940.571868896484375
            21.170000000000005   147268344699.692169189453125
            21.535000000000000   147274210179.589599609375000
            21.899999999999999   147280171127.834442138671875
            22.265000000000001   147286227287.922729492187500
            22.629999999999999   147292378399.290313720703125
            22.995000000000005   147298624197.326995849609375
            23.359999999999999   147304964413.390930175781250
            23.725000000000001   147311398774.823272705078125
            24.090000000000003   147317927004.962829589843750
            24.455000000000005   147324548823.161254882812500
            24.820000000000004   147331263944.798156738281250
            25.184999999999999   147338072081.296630859375000
            25.550000000000004   147344972940.138641357421875
            25.915000000000003   147351966224.881164550781250
            26.280000000000005   147359051635.171875000000000
            26.645000000000000   147366228866.765747070312500
            27.009999999999998   147373497611.541046142578125
            27.375000000000004   147380857557.516235351562500
            27.740000000000002   147388308388.866699218750000
            28.104999999999997   147395849785.941680908203125
            28.470000000000002   147403481425.281494140625000
            28.835000000000001   147411202979.634948730468750
            29.200000000000003   147419014117.976776123046875
            29.565000000000005   147426914505.525573730468750
            29.930000000000003   147434903803.761444091796875
            30.295000000000002   147442981670.444396972656250
            30.660000000000004   147451147759.632476806640625
            31.025000000000002   147459401721.700195312500000
            31.390000000000004   147467743203.357360839843750
            31.755000000000003   147476171847.667602539062500
            32.119999999999997   147484687294.067718505859375
            32.485000000000007   147493289178.386505126953125
            32.850000000000001   147501977132.864288330078125
            33.214999999999996   147510750786.172454833984375
            33.579999999999998   147519609763.432952880859375
            33.945000000000007   147528553686.238281250000000
            34.310000000000002   147537582172.671447753906250
            34.675000000000004   147546694837.326049804687500
            35.040000000000006   147555891291.326782226562500
            35.405000000000001   147565171142.349700927734375
            35.770000000000003   147574533994.643035888671875
            36.135000000000005   147583979449.047912597656250
            36.500000000000000   147593507103.019256591796875
            36.865000000000002   147603116550.647003173828125
            37.230000000000004   147612807382.677215576171875
            37.595000000000006   147622579186.533630371093750
            37.960000000000008   147632431546.339050292968750
            38.325000000000003   147642364042.937072753906250
            38.689999999999998   147652376253.914093017578125
            39.055000000000000   147662467753.620941162109375
            39.420000000000002   147672638113.195343017578125
            39.785000000000004   147682886900.583892822265625
            40.149999999999999   147693213680.564575195312500
            40.515000000000008   147703618014.769287109375000
            40.880000000000003   147714099461.706390380859375
            41.245000000000005   147724657576.783599853515625
            41.609999999999999   147735291912.330810546875000
            41.975000000000001   147746002017.623107910156250
            42.340000000000011   147756787438.904052734375000
            42.705000000000005   147767647719.408813476562500
            43.070000000000000   147778582399.387603759765625
            43.435000000000009   147789591016.129333496093750
            43.799999999999997   147800673103.984954833984375
            44.165000000000006   147811828194.391510009765625
            44.530000000000001   147823055815.895782470703125
            44.895000000000003   147834355494.178436279296875
            45.259999999999998   147845726752.077941894531250
            45.625000000000007   147857169109.614807128906250
            45.990000000000009   147868682084.015960693359375
            46.355000000000011   147880265189.739044189453125
            46.719999999999999   147891917938.496948242187500
            47.084999999999994   147903639839.282409667968750
            47.450000000000003   147915430398.392761230468750
            47.814999999999998   147927289119.454559326171875
            48.180000000000007   147939215503.448669433593750
            48.545000000000002   147951209048.735107421875000
            48.910000000000011   147963269251.078216552734375
            49.275000000000006   147975395603.671661376953125
            49.640000000000008   147987587597.163848876953125
            50.004999999999995   147999844719.683166503906250
            50.369999999999997   148012166456.863342285156250
            50.735000000000007   148024552291.869110107421875
            51.100000000000009   148037001705.421569824218750
            51.465000000000003   148049514175.823913574218750
            51.830000000000005   148062089178.987243652343750
            52.195000000000007   148074726188.456237792968750
            52.560000000000009   148087424675.435089111328125
            52.925000000000004   148100184108.813293457031250
            53.289999999999999   148113003955.191986083984375
            53.655000000000001   148125883678.909637451171875
            54.019999999999996   148138822742.068389892578125
            54.385000000000012   148151820604.560211181640625
            54.750000000000007   148164876724.093109130859375
            55.115000000000002   148177990556.217590332031250
            55.480000000000004   148191161554.352783203125000
            55.844999999999999   148204389169.813110351562500
            56.209999999999994   148217672851.834564208984375
            56.575000000000003   148231012047.601409912109375
            56.940000000000005   148244406202.272613525390625
            57.305000000000014   148257854759.008514404296875
            57.670000000000002   148271357158.997589111328125
            58.035000000000011   148284912841.483001708984375
            58.400000000000006   148298521243.789489746093750
            58.764999999999993   148312181801.350097656250000
            59.130000000000010   148325893947.733032226562500
            59.494999999999997   148339657114.668518066406250
            59.860000000000007   148353470732.075653076171875
            60.225000000000001   148367334228.089477539062500
            60.590000000000003   148381247029.087829589843750
            60.954999999999998   148395208559.718353271484375
            61.320000000000007   148409218242.925567626953125
            61.685000000000009   148423275499.977905273437500
            62.050000000000004   148437379750.494781494140625
            62.414999999999999   148451530412.473632812500000
            62.780000000000008   148465726902.317199707031250
            63.145000000000010   148479968634.860412597656250
            63.510000000000005   148494255023.397827148437500
            63.875000000000000   148508585479.710540771484375
            64.239999999999995   148522959414.093566894531250
            64.605000000000004   148537376235.382934570312500
            64.970000000000013   148551835350.982910156250000
            65.335000000000008   148566336166.893218994140625
            65.700000000000003   148580878087.736267089843750
            66.064999999999998   148595460516.784393310546875
            66.429999999999993   148610082855.987030029296875
            66.795000000000002   148624744505.998077392578125
            67.159999999999997   148639444866.202972412109375
            67.525000000000020   148654183334.745941162109375
            67.890000000000015   148668959308.557434082031250
            68.255000000000010   148683772183.381134033203125
            68.620000000000005   148698621353.801239013671875
            68.984999999999999   148713506213.269775390625000
            69.350000000000009   148728426154.133575439453125
            69.715000000000018   148743380567.661804199218750
            70.080000000000013   148758368844.072814941406250
            70.445000000000007   148773390372.561523437500000
            70.810000000000002   148788444541.326538085937500
            71.174999999999997   148803530737.597198486328125
            71.540000000000006   148818648347.660797119140625
            71.905000000000001   148833796756.889739990234375
            72.270000000000010   148848975349.768432617187500
            72.635000000000005   148864183509.920501708984375
            73.000000000000000   148879420620.135772705078125
            73.365000000000009   148894686062.397308349609375
            73.730000000000004   148909979217.908386230468750
            74.094999999999999   148925299467.119384765625000
            74.460000000000008   148940646189.754882812500000
            74.825000000000003   148956018764.840393066406250
            75.190000000000012   148971416570.729309082031250
            75.554999999999993   148986838985.129699707031250
            75.920000000000016   149002285385.131103515625000
            76.285000000000011   149017755147.231384277343750
            76.650000000000006   149033247647.363311767578125
            77.015000000000015   149048762260.921386718750000
            77.379999999999995   149064298362.788330078125000
            77.745000000000005   149079855327.361877441406250
            78.109999999999999   149095432528.581207275390625
            78.475000000000009   149111029339.953491210937500
            78.840000000000003   149126645134.580383300781250
            79.205000000000013   149142279285.184448242187500
            79.570000000000007   149157931164.135498046875000
            79.935000000000016   149173600143.477050781250000
            80.299999999999997   149189285594.952423095703125
            80.665000000000006   149204986890.031127929687500
            81.030000000000015   149220703399.934936523437500
            81.394999999999996   149236434495.664154052734375
            81.760000000000005   149252179548.023498535156250
            82.125000000000000   149267937927.648254394531250
            82.490000000000009   149283709005.030212402343750
            82.854999999999990   149299492150.543487548828125
            83.219999999999999   149315286734.470520019531250
            83.585000000000008   149331092127.027709960937500
            83.950000000000003   149346907698.391204833984375
            84.315000000000012   149362732818.722564697265625
            84.680000000000021   149378566858.194305419921875
            85.045000000000002   149394409187.015563964843750
            85.410000000000011   149410259175.457366943359375
            85.774999999999991   149426116193.878234863281250
            86.140000000000001   149441979612.749389648437500
            86.505000000000010   149457848802.680084228515625
            86.870000000000019   149473723134.442687988281250
            87.235000000000014   149489601978.998046875000000
            87.599999999999994   149505484707.520294189453125
            87.965000000000003   149521370691.421966552734375
            88.330000000000013   149537259302.378875732421875
            88.695000000000007   149553149912.355010986328125
            89.060000000000002   149569041893.627166748046875
            89.425000000000026   149584934618.809875488281250
            89.790000000000006   149600827460.879669189453125
            90.155000000000001   149616719793.199981689453125
            90.519999999999996   149632610989.545440673828125
            90.885000000000005   149648500424.126129150390625
            91.250000000000014   149664387471.612030029296875
            91.614999999999995   149680271507.157287597656250
            91.980000000000018   149696151906.424346923828125
            92.344999999999999   149712028045.607757568359375
            92.710000000000022   149727899301.458496093750000
            93.075000000000003   149743765051.307556152343750
            93.439999999999998   149759624673.090087890625000
            93.805000000000007   149775477545.368804931640625
            94.169999999999987   149791323047.357757568359375
            94.535000000000011   149807160558.945953369140625
            94.900000000000006   149822989460.720703125000000
            95.265000000000015   149838809133.990997314453125
            95.629999999999995   149854618960.810943603515625
            95.995000000000005   149870418324.002746582031250
            96.360000000000014   149886206607.180053710937500
            96.725000000000023   149901983194.770782470703125
            97.090000000000003   149917747472.040100097656250
            97.454999999999998   149933498825.113433837890625
            97.820000000000022   149949236640.998931884765625
            98.185000000000002   149964960307.610290527343750
            98.550000000000011   149980669213.789337158203125
            98.915000000000006   149996362749.328491210937500
            99.280000000000015   150012040304.992950439453125
            99.645000000000010   150027701272.543273925781250
           100.009999999999991   150043345044.757263183593750
           100.375000000000014   150058971015.452423095703125
           100.739999999999995   150074578579.507446289062500
           101.105000000000004   150090167132.884674072265625
           101.470000000000013   150105736072.651397705078125
           101.835000000000008   150121284797.001922607421875
           102.200000000000017   150136812705.278991699218750
           102.564999999999984   150152319197.995361328125000
           102.930000000000007   150167803676.855163574218750
           103.295000000000002   150183265544.775207519531250
           103.660000000000011   150198704205.906311035156250
           104.025000000000006   150214119065.654205322265625
           104.390000000000015   150229509530.700714111328125
           104.755000000000010   150244875009.024658203125000
           105.120000000000019   150260214909.922454833984375
           105.484999999999999   150275528644.029144287109375
           105.850000000000009   150290815623.338745117187500
           106.215000000000018   150306075261.224822998046875
           106.579999999999998   150321306972.460906982421875
           106.945000000000007   150336510173.240844726562500
           107.310000000000002   150351684281.198883056640625
           107.675000000000026   150366828715.429870605468750
           108.039999999999992   150381942896.509185791015625
           108.405000000000001   150397026246.512512207031250
           108.770000000000024   150412078189.035888671875000
           109.135000000000019   150427098149.215148925781250
           109.500000000000014   150442085553.745605468750000
           109.865000000000009   150457039830.901428222656250
           110.230000000000004   150471960410.555053710937500
           110.594999999999999   150486846724.196533203125000
           110.960000000000008   150501698204.952514648437500
           111.325000000000017   150516514287.605407714843750
           111.689999999999998   150531294408.612365722656250
           112.054999999999993   150546038006.123901367187500
           112.419999999999987   150560744520.002746582031250
           112.785000000000011   150575413391.842651367187500
           113.150000000000006   150590044064.986572265625000
           113.514999999999986   150604635984.545257568359375
           113.880000000000010   150619188597.415557861328125
           114.245000000000005   150633701352.298645019531250
           114.610000000000028   150648173699.717926025390625
           114.974999999999994   150662605092.037200927734375
           115.340000000000003   150676994983.478485107421875
           115.705000000000013   150691342830.139739990234375
           116.070000000000022   150705648090.012634277343750
           116.435000000000016   150719910222.999847412109375
           116.800000000000011   150734128690.932861328125000
           117.165000000000006   150748302957.589111328125000
           117.529999999999987   150762432488.709075927734375
           117.894999999999996   150776516752.013732910156250
           118.260000000000019   150790555217.221221923828125
           118.625000000000028   150804547356.064025878906250
           118.989999999999995   150818492642.305664062500000
           119.354999999999990   150832390551.757324218750000
           119.720000000000013   150846240562.294494628906250
           120.085000000000008   150860042153.873535156250000
           120.450000000000003   150873794808.547821044921875
           120.815000000000026   150887498010.484191894531250
           121.180000000000007   150901151245.979064941406250
           121.545000000000002   150914754003.474487304687500
           121.909999999999997   150928305773.573913574218750
           122.275000000000020   150941806049.058319091796875
           122.640000000000015   150955254324.901672363281250
           123.004999999999995   150968650098.286682128906250
           123.370000000000019   150981992868.620178222656250
           123.735000000000014   150995282137.548706054687500
           124.100000000000009   151008517408.973663330078125
           124.464999999999975   151021698189.066528320312500
           124.829999999999998   151034823986.283874511718750
           125.195000000000007   151047894311.382476806640625
           125.560000000000016   151060908677.433990478515625
           125.925000000000026   151073866599.839874267578125
           126.290000000000020   151086767596.346038818359375
           126.654999999999987   151099611187.057189941406250
           127.020000000000010   151112396894.451477050781250
           127.385000000000005   151125124243.394653320312500
           127.750000000000000   151137792761.154449462890625
           128.115000000000038   151150401977.414581298828125
           128.479999999999990   151162951424.288818359375000
           128.844999999999999   151175440636.334838867187500
           129.210000000000008   151187869150.567993164062500
           129.575000000000017   151200236506.475189208984375
           129.940000000000026   151212542246.028137207031250
           130.304999999999978   151224785913.697204589843750
           130.670000000000016   151236967056.464477539062500
           131.034999999999997   151249085223.837188720703125
           131.400000000000006   151261139967.860870361328125
           131.765000000000015   151273130843.132354736328125
           132.129999999999995   151285057406.812713623046875
           132.495000000000033   151296919218.640289306640625
           132.859999999999985   151308715840.943176269531250
           133.225000000000023   151320446838.651947021484375
           133.590000000000003   151332111779.312377929687500
           133.955000000000041   151343710233.097595214843750
           134.319999999999993   151355241772.820495605468750
           134.685000000000002   151366705973.946105957031250
           135.050000000000040   151378102414.603485107421875
           135.414999999999992   151389430675.597961425781250
           135.780000000000030   151400690340.422760009765625
           136.145000000000010   151411880995.271148681640625
           136.510000000000019   151423002229.047851562500000
           136.875000000000000   151434053633.380828857421875
           137.240000000000009   151445034802.632751464843750
           137.605000000000047   151455945333.912322998046875
           137.969999999999999   151466784827.085632324218750
           138.335000000000008   151477552884.787353515625000
           138.700000000000017   151488249112.431823730468750
           139.065000000000026   151498873118.224060058593750
           139.430000000000035   151509424513.170562744140625
           139.794999999999987   151519902911.090270996093750
           140.160000000000025   151530307928.624969482421875
           140.525000000000006   151540639185.250305175781250
           140.890000000000015   151550896303.285827636718750
           141.255000000000024   151561078907.905639648437500
           141.620000000000005   151571186627.148712158203125
           141.985000000000014   151581219091.928863525390625
           142.349999999999994   151591175936.044982910156250
           142.715000000000032   151601056796.191040039062500
           143.080000000000013   151610861311.965942382812500
           143.444999999999993   151620589125.883331298828125
           143.810000000000002   151630239883.381195068359375
           144.175000000000011   151639813232.831634521484375
           144.540000000000020   151649308825.550201416015625
           144.905000000000030   151658726315.805389404296875
           145.270000000000010   151668065360.827850341796875
           145.634999999999991   151677325620.819732666015625
           146.000000000000000   151686506758.963623046875000
           146.365000000000009   151695608441.431701660156250
           146.730000000000018   151704630337.394500732421875
           147.094999999999999   151713572119.029968261718750
           147.460000000000008   151722433461.531890869140625
           147.825000000000017   151731214043.118682861328125
           148.189999999999998   151739913545.041931152343750
           148.555000000000007   151748531651.594726562500000
           148.920000000000016   151757068050.120117187500000
           149.284999999999997   151765522431.019226074218750
           149.650000000000006   151773894487.759490966796875
           150.015000000000015   151782183916.882690429687500
           150.380000000000024   151790390418.012939453125000
           150.745000000000005   151798513693.864379882812500
           151.109999999999985   151806553450.249206542968750
           151.475000000000023   151814509396.085174560546875
           151.840000000000032   151822381243.403137207031250
           152.205000000000013   151830168707.354766845703125
           152.570000000000022   151837871506.219665527343750
           152.935000000000002   151845489361.412902832031250
           153.300000000000011   151853021997.492034912109375
           153.664999999999992   151860469142.164367675781250
           154.030000000000030   151867830526.293823242187500
           154.395000000000039   151875105883.908081054687500
           154.759999999999991   151882294952.205291748046875
           155.125000000000000   151889397471.560791015625000
           155.490000000000009   151896413185.533752441406250
           155.855000000000018   151903341840.873931884765625
           156.219999999999999   151910183187.527954101562500
           156.585000000000008   151916936978.645721435546875
           156.950000000000017   151923602970.586853027343750
           157.315000000000026   151930180922.926605224609375
           157.680000000000007   151936670598.462310791015625
           158.045000000000016   151943071763.219146728515625
           158.410000000000025   151949384186.456207275390625
           158.774999999999977   151955607640.672302246093750
           159.140000000000015   151961741901.611724853515625
           159.505000000000024   151967786748.269897460937500
           159.870000000000033   151973741962.898986816406250
           160.234999999999985   151979607331.013244628906250
           160.599999999999994   151985382641.394622802734375
           160.965000000000032   151991067686.097961425781250
           161.330000000000013   151996662260.456207275390625
           161.695000000000022   152002166163.085540771484375
           162.060000000000031   152007579195.890533447265625
           162.425000000000011   152012901164.068969726562500
           162.789999999999992   152018131876.116668701171875
           163.155000000000001   152023271143.832489013671875
           163.520000000000010   152028318782.322875976562500
           163.884999999999991   152033274610.006500244140625
           164.250000000000000   152038138448.618621826171875
           164.615000000000009   152042910123.215911865234375
           164.980000000000018   152047589462.180358886718750
           165.344999999999999   152052176297.223785400390625
           165.709999999999980   152056670463.392120361328125
           166.075000000000017   152061071799.069091796875000
           166.439999999999998   152065380145.980590820312500
           166.805000000000035   152069595349.198486328125000
           167.170000000000016   152073717257.144409179687500
           167.535000000000025   152077745721.593597412109375
           167.900000000000006   152081680597.678405761718750
           168.265000000000015   152085521743.891967773437500
           168.630000000000024   152089269022.091796875000000
           168.995000000000005   152092922297.502960205078125
           169.360000000000042   152096481438.721557617187500
           169.724999999999994   152099946317.717895507812500
           170.090000000000003   152103316809.839752197265625
           170.455000000000013   152106592793.815216064453125
           170.820000000000022   152109774151.755889892578125
           171.185000000000031   152112860769.159759521484375
           171.549999999999983   152115852534.913787841796875
           171.915000000000020   152118749341.296966552734375
           172.280000000000001   152121551083.982757568359375
           172.645000000000010   152124257662.041687011718750
           173.010000000000019   152126868977.943786621093750
           173.375000000000000   152129384937.561218261718750
           173.740000000000038   152131805450.170196533203125
           174.104999999999990   152134130428.453674316406250
           174.470000000000027   152136359788.502960205078125
           174.835000000000008   152138493449.820312500000000
           175.199999999999989   152140531335.320526123046875
           175.564999999999998   152142473371.332977294921875
           175.930000000000007   152144319487.603515625000000
           176.295000000000044   152146069617.296081542968750
           176.660000000000025   152147723696.994323730468750
           177.025000000000006   152149281666.703308105468750
           177.390000000000015   152150743469.850830078125000
           177.754999999999995   152152109053.288940429687500
           178.120000000000005   152153378367.295257568359375
           178.485000000000014   152154551365.574005126953125
           178.850000000000051   152155628005.257476806640625
           179.215000000000003   152156608246.906829833984375
           179.580000000000013   152157492054.513275146484375
           179.945000000000022   152158279395.498809814453125
           180.310000000000002   152158970240.717193603515625
           180.674999999999983   152159564564.454559326171875
           181.039999999999992   152160062344.430145263671875
           181.405000000000030   152160463561.796844482421875
           181.770000000000010   152160768201.141662597656250
           182.135000000000019   152160976250.486236572265625
           182.500000000000028   152161087701.286956787109375
           182.864999999999981   152161102548.435546875000000
           183.229999999999990   152161020790.258880615234375
           183.594999999999999   152160842428.519195556640625
           183.960000000000036   152160567468.414184570312500
           184.325000000000017   152160195918.576782226562500
           184.689999999999998   152159727791.074981689453125
           185.055000000000007   152159163101.411834716796875
           185.420000000000044   152158501868.524749755859375
           185.784999999999997   152157744114.785400390625000
           186.150000000000006   152156889865.998992919921875
           186.515000000000015   152155939151.403839111328125
           186.879999999999995   152154892003.670684814453125
           187.245000000000005   152153748458.901855468750000
           187.610000000000014   152152508556.630645751953125
           187.975000000000051   152151172339.820129394531250
           188.339999999999975   152149739854.862426757812500
           188.704999999999984   152148211151.577423095703125
           189.070000000000022   152146586283.211822509765625
           189.435000000000002   152144865306.437774658203125
           189.800000000000011   152143048281.351470947265625
           190.165000000000020   152141135271.472045898437500
           190.530000000000030   152139126343.739837646484375
           190.895000000000039   152137021568.514801025390625
           191.259999999999991   152134821019.574981689453125
           191.625000000000028   152132524774.114868164062500
           191.990000000000009   152130132912.743286132812500
           192.354999999999990   152127645519.481750488281250
           192.720000000000027   152125062681.762359619140625
           193.085000000000036   152122384490.425781250000000
           193.450000000000045   152119611039.719116210937500
           193.814999999999998   152116742427.293548583984375
           194.180000000000007   152113778754.202209472656250
           194.545000000000016   152110720124.897583007812500
           194.909999999999997   152107566647.229217529296875
           195.275000000000034   152104318432.441070556640625
           195.640000000000043   152100975595.168762207031250
           196.005000000000024   152097538253.436920166015625
           196.370000000000005   152094006528.656494140625000
           196.735000000000014   152090380545.621612548828125
           197.100000000000023   152086660432.506744384765625
           197.465000000000003   152082846320.863555908203125
           197.830000000000013   152078938345.617767333984375
           198.195000000000022   152074936645.066040039062500
           198.560000000000031   152070841360.872406005859375
           198.925000000000011   152066652638.065032958984375
           199.290000000000020   152062370625.032653808593750
           199.655000000000001   152057995473.521026611328125
           200.019999999999982   152053527338.629302978515625
           200.385000000000019   152048966378.806121826171875
           200.750000000000028   152044312755.845825195312500
           201.115000000000038   152039566634.884704589843750
           201.479999999999990   152034728184.396850585937500
           201.845000000000027   152029797576.189880371093750
           202.210000000000008   152024774985.401184082031250
           202.574999999999989   152019660590.493225097656250
           202.940000000000026   152014454573.249420166015625
           203.305000000000007   152009157118.769561767578125
           203.670000000000016   152003768415.465515136718750
           204.034999999999997   151998288655.056304931640625
           204.400000000000034   151992718032.563568115234375
           204.765000000000015   151987056746.306854248046875
           205.129999999999967   151981304997.898468017578125
           205.495000000000005   151975462992.238769531250000
           205.860000000000014   151969530937.510955810546875
           206.225000000000023   151963509045.176055908203125
           206.590000000000003   151957397529.967498779296875
           206.955000000000041   151951196609.885986328125000
           207.320000000000022   151944906506.193939208984375
           207.684999999999974   151938527443.410156250000000
           208.050000000000011   151932059649.303924560546875
           208.415000000000020   151925503354.889831542968750
           208.780000000000030   151918858794.421386718750000
           209.145000000000010   151912126205.385772705078125
           209.510000000000019   151905305828.497467041015625
           209.875000000000028   151898397907.692291259765625
           210.240000000000038   151891402690.121429443359375
           210.605000000000018   151884320426.145080566406250
           210.969999999999999   151877151369.326202392578125
           211.335000000000008   151869895776.424163818359375
           211.700000000000017   151862553907.388000488281250
           212.065000000000026   151855126025.350128173828125
           212.430000000000035   151847612396.619537353515625
           212.795000000000016   151840013290.675048828125000
           213.159999999999997   151832328980.158355712890625
           213.525000000000006   151824559740.867309570312500
           213.890000000000015   151816705851.748565673828125
           214.254999999999995   151808767594.890716552734375
           214.620000000000005   151800745255.516967773437500
           214.985000000000042   151792639121.977722167968750
           215.350000000000051   151784449485.743225097656250
           215.715000000000032   151776176641.396148681640625
           216.079999999999984   151767820886.623901367187500
           216.445000000000022   151759382522.210906982421875
           216.810000000000002   151750861852.030792236328125
           217.175000000000011   151742259183.038665771484375
           217.540000000000049   151733574825.262939453125000
           217.905000000000001   151724809091.797332763671875
           218.270000000000039   151715962298.792694091796875
           218.634999999999991   151707034765.448883056640625
           219.000000000000028   151698026814.006042480468750
           219.365000000000009   151688938769.736480712890625
           219.730000000000018   151679770960.936035156250000
           220.095000000000056   151670523718.915252685546875
           220.460000000000008   151661197377.990905761718750
           220.825000000000045   151651792275.476898193359375
           221.189999999999998   151642308751.675537109375000
           221.554999999999978   151632747149.868316650390625
           221.920000000000016   151623107816.306945800781250
           222.285000000000025   151613391100.203887939453125
           222.650000000000034   151603597353.723297119140625
           223.015000000000015   151593726931.971405029296875
           223.379999999999995   151583780192.987060546875000
           223.745000000000005   151573757497.732025146484375
           224.109999999999985   151563659210.081420898437500
           224.475000000000023   151553485696.813629150390625
           224.839999999999975   151543237327.600646972656250
           225.205000000000013   151532914474.997894287109375
           225.570000000000022   151522517514.434143066406250
           225.935000000000002   151512046824.201232910156250
           226.300000000000011   151501502785.443908691406250
           226.665000000000049   151490885782.149169921875000
           227.029999999999973   151480196201.135833740234375
           227.394999999999982   151469434432.044067382812500
           227.760000000000019   151458600867.324401855468750
           228.125000000000028   151447695902.227081298828125
           228.490000000000009   151436719934.791046142578125
           228.855000000000018   151425673365.832885742187500
           229.220000000000056   151414556598.935882568359375
           229.584999999999980   151403370040.438385009765625
           229.949999999999989   151392114099.423004150390625
           230.315000000000026   151380789187.704620361328125
           230.680000000000007   151369395719.819335937500000
           231.045000000000016   151357934113.012390136718750
           231.410000000000025   151346404787.226715087890625
           231.775000000000063   151334808165.090972900390625
           232.140000000000043   151323144671.907531738281250
           232.504999999999967   151311414735.640472412109375
           232.870000000000033   151299618786.903503417968750
           233.235000000000014   151287757258.947540283203125
           233.600000000000023   151275830587.648406982421875
           233.965000000000032   151263839211.494323730468750
           234.330000000000013   151251783571.573364257812500
           234.695000000000050   151239664111.560729980468750
           235.059999999999974   151227481277.705871582031250
           235.425000000000040   151215235518.819854736328125
           235.789999999999992   151202927286.262084960937500
           236.154999999999973   151190557033.927307128906250
           236.520000000000039   151178125218.232360839843750
           236.885000000000019   151165632298.102905273437500
           237.250000000000057   151153078734.959930419921875
           237.615000000000009   151140464992.706237792968750
           237.979999999999990   151127791537.712860107421875
           238.344999999999999   151115058838.805175781250000
           238.709999999999980   151102267367.249267578125000
           239.075000000000045   151089417596.737640380859375
           239.440000000000026   151076510003.375518798828125
           239.805000000000064   151063545065.666442871093750
           240.170000000000016   151050523264.497985839843750
           240.534999999999997   151037445083.127471923828125
           240.900000000000006   151024311007.167419433593750
           241.264999999999986   151011121524.570922851562500
           241.630000000000052   150997877125.617004394531250
           241.995000000000033   150984578302.895629882812500
           242.360000000000014   150971225551.292999267578125
           242.725000000000023   150957819367.976379394531250
           243.090000000000003   150944360252.378967285156250
           243.454999999999984   150930848706.184661865234375
           243.819999999999993   150917285233.312683105468750
           244.185000000000031   150903670339.902160644531250
           244.550000000000040   150890004534.296447753906250
           244.915000000000020   150876288327.027648925781250
           245.280000000000030   150862522230.800506591796875
           245.645000000000010   150848706760.476715087890625
           246.009999999999991   150834842433.058868408203125
           246.375000000000000   150820929767.674407958984375
           246.740000000000038   150806969285.559295654296875
           247.105000000000047   150792961510.041625976562500
           247.470000000000027   150778906966.525329589843750
           247.835000000000008   150764806182.473541259765625
           248.200000000000017   150750659687.391967773437500
           248.565000000000026   150736468012.812042236328125
           248.929999999999950   150722231692.274169921875000
           249.295000000000044   150707951261.310668945312500
           249.659999999999997   150693627257.428527832031250
           250.025000000000034   150679260220.092559814453125
           250.390000000000015   150664850690.707702636718750
           250.755000000000024   150650399212.601928710937500
           251.120000000000033   150635906331.008422851562500
           251.484999999999957   150621372593.048187255859375
           251.850000000000051   150606798547.712097167968750
           252.215000000000003   150592184745.843139648437500
           252.580000000000041   150577531740.118621826171875
           252.945000000000022   150562840085.031677246093750
           253.309999999999974   150548110336.873504638671875
           253.675000000000040   150533343053.714813232421875
           254.040000000000020   150518538795.387603759765625
           254.405000000000058   150503698123.466522216796875
           254.770000000000010   150488821601.250457763671875
           255.134999999999991   150473909793.743530273437500
           255.500000000000000   150458963267.636535644531250
           255.864999999999981   150443982591.287811279296875
           256.230000000000075   150428968334.704406738281250
           256.595000000000027   150413921069.522766113281250
           256.959999999999980   150398841368.989532470703125
           257.325000000000045   150383729807.942260742187500
           257.689999999999998   150368586962.789825439453125
           258.055000000000007   150353413411.492980957031250
           258.420000000000016   150338209733.544525146484375
           258.785000000000025   150322976509.949829101562500
           259.150000000000034   150307714323.206573486328125
           259.514999999999986   150292423757.285003662109375
           259.880000000000052   150277105397.607757568359375
           260.245000000000005   150261759831.029693603515625
           260.609999999999957   150246387645.817596435546875
           260.975000000000023   150230989431.629669189453125
           261.340000000000032   150215565779.495178222656250
           261.705000000000041   150200117281.793762207031250
           262.069999999999993   150184644532.234741210937500
           262.435000000000059   150169148125.836273193359375
           262.800000000000011   150153628658.904418945312500
           263.164999999999964   150138086729.012115478515625
           263.530000000000030   150122522934.978149414062500
           263.895000000000039   150106937876.845886230468750
           264.259999999999991   150091332155.861907958984375
           264.625000000000000   150075706374.454559326171875
           264.990000000000066   150060061136.212524414062500
           265.355000000000018   150044397045.863128662109375
           265.719999999999970   150028714709.250579833984375
           266.084999999999980   150013014733.314422607421875
           266.450000000000045   149997297726.067108154296875
           266.814999999999998   149981564296.572479248046875
           267.180000000000007   149965815054.923339843750000
           267.545000000000073   149950050612.219421386718750
           267.910000000000082   149934271580.544921875000000
           268.274999999999977   149918478572.946166992187500
           268.639999999999986   149902672203.409240722656250
           269.005000000000052   149886853086.837188720703125
           269.370000000000005   149871021839.027465820312500
           269.735000000000014   149855179076.649047851562500
           270.100000000000080   149839325417.219696044921875
           270.465000000000032   149823461479.082733154296875
           270.829999999999984   149807587881.384368896484375
           271.194999999999993   149791705244.050262451171875
           271.560000000000059   149775814187.762298583984375
           271.925000000000011   149759915333.935333251953125
           272.290000000000020   149744009304.693847656250000
           272.655000000000086   149728096722.848236083984375
           273.020000000000039   149712178211.871337890625000
           273.385000000000048   149696254395.874786376953125
           273.750000000000000   149680325899.585113525390625
           274.115000000000009   149664393348.320007324218750
           274.480000000000018   149648457367.964324951171875
           274.845000000000027   149632518584.946014404296875
           275.210000000000093   149616577626.212036132812500
           275.575000000000045   149600635119.204284667968750
           275.939999999999998   149584691691.834991455078125
           276.305000000000007   149568747972.462829589843750
           276.670000000000016   149552804589.868072509765625
           277.035000000000025   149536862173.228210449218750
           277.400000000000034   149520921352.093444824218750
           277.765000000000043   149504982756.361877441406250
           278.130000000000052   149489047016.254791259765625
           278.495000000000005   149473114762.291809082031250
           278.860000000000070   149457186625.266113281250000
           279.225000000000023   149441263236.219238281250000
           279.589999999999975   149425345226.416168212890625
           279.955000000000041   149409433227.320159912109375
           280.320000000000050   149393527870.567535400390625
           280.685000000000059   149377629787.942443847656250
           281.050000000000011   149361739611.351470947265625
           281.415000000000020   149345857972.798217773437500
           281.780000000000030   149329985504.357910156250000
           282.144999999999982   149314122838.151672363281250
           282.510000000000048   149298270606.321105957031250
           282.875000000000057   149282429441.002441406250000
           283.240000000000009   149266599974.300964355468750
           283.605000000000018   149250782838.264984130859375
           283.970000000000027   149234978664.860198974609375
           284.335000000000036   149219188085.943481445312500
           284.699999999999989   149203411733.237213134765625
           285.064999999999998   149187650238.302978515625000
           285.430000000000064   149171904232.515502929687500
           285.795000000000016   149156174347.036590576171875
           286.160000000000025   149140461212.788757324218750
           286.525000000000034   149124765460.429016113281250
           286.889999999999986   149109087720.322601318359375
           287.254999999999995   149093428622.516448974609375
           287.620000000000005   149077788796.712829589843750
           287.985000000000070   149062168872.242919921875000
           288.350000000000023   149046569478.040161132812500
           288.714999999999975   149030991242.613677978515625
           289.080000000000041   149015434794.021820068359375
           289.444999999999993   148999900759.845214843750000
           289.810000000000059   148984389767.160247802734375
           290.175000000000011   148968902442.512207031250000
           290.540000000000020   148953439411.888519287109375
           290.905000000000030   148938001300.691925048828125
           291.269999999999982   148922588733.713562011718750
           291.635000000000048   148907202335.105957031250000
           292.000000000000000   148891842728.356292724609375
           292.365000000000066   148876510536.259124755859375
           292.730000000000018   148861206380.889648437500000
           293.095000000000027   148845930883.576416015625000
           293.460000000000036   148830684664.874359130859375
           293.824999999999989   148815468344.537658691406250
           294.189999999999998   148800282541.492584228515625
           294.555000000000007   148785127873.810302734375000
           294.920000000000016   148770004958.679687500000000
           295.285000000000025   148754914412.380187988281250
           295.650000000000034   148739856850.254455566406250
           296.014999999999986   148724832886.681060791015625
           296.379999999999995   148709843135.047454833984375
           296.745000000000005   148694888207.722351074218750
           297.110000000000014   148679968716.028625488281250
           297.475000000000023   148665085270.215820312500000
           297.840000000000032   148650238479.432952880859375
           298.205000000000041   148635428951.701171875000000
           298.569999999999993   148620657293.886138916015625
           298.935000000000002   148605924111.670928955078125
           299.300000000000011   148591230009.528564453125000
           299.664999999999964   148576575590.694519042968750
           300.030000000000030   148561961457.139495849609375
           300.395000000000039   148547388209.541839599609375
           300.760000000000048   148532856447.260375976562500
           301.125000000000000   148518366768.306793212890625
           301.490000000000009   148503919769.318359375000000
           301.855000000000018   148489516045.530548095703125
           302.219999999999970   148475156190.749572753906250
           302.585000000000036   148460840797.325103759765625
           302.950000000000045   148446570456.122863769531250
           303.315000000000055   148432345756.497253417968750
           303.680000000000064   148418167286.264038085937500
           304.045000000000016   148404035631.672973632812500
           304.410000000000025   148389951377.380584716796875
           304.774999999999977   148375915106.422790527343750
           305.140000000000043   148361927400.187591552734375
           305.505000000000052   148347988838.387939453125000
           305.870000000000005   148334099999.034423828125000
           306.235000000000070   148320261458.408050537109375
           306.600000000000023   148306473791.033111572265625
           306.965000000000032   148292737569.650054931640625
           307.329999999999984   148279053365.188201904296875
           307.694999999999993   148265421746.738830566406250
           308.060000000000059   148251843281.528076171875000
           308.425000000000011   148238318534.889862060546875
           308.790000000000077   148224848070.238952636718750
           309.155000000000030   148211432449.043914794921875
           309.519999999999982   148198072230.800354003906250
           309.884999999999991   148184767973.003997802734375
           310.250000000000000   148171520231.123809814453125
           310.615000000000066   148158329558.575256347656250
           310.980000000000018   148145196506.693603515625000
           311.345000000000027   148132121624.707244873046875
           311.710000000000036   148119105459.710998535156250
           312.074999999999989   148106148556.639617919921875
           312.439999999999998   148093251458.241271972656250
           312.805000000000007   148080414705.050994873046875
           313.170000000000016   148067638835.364440917968750
           313.535000000000025   148054924385.211334228515625
           313.900000000000034   148042271888.329437255859375
           314.265000000000043   148029681876.138061523437500
           314.630000000000052   148017154877.712219238281250
           314.994999999999948   148004691419.756317138671875
           315.360000000000014   147992292026.578247070312500
           315.725000000000023   147979957220.063385009765625
           316.090000000000032   147967687519.648864746093750
           316.455000000000041   147955483442.297668457031250
           316.820000000000050   147943345502.472930908203125
           317.185000000000059   147931274212.112365722656250
           317.549999999999955   147919270080.602661132812500
           317.915000000000020   147907333614.754058837890625
           318.280000000000030   147895465318.774993896484375
           318.644999999999982   147883665694.246734619140625
           319.010000000000048   147871935240.098236083984375
           319.375000000000057   147860274452.581054687500000
           319.740000000000066   147848683825.244293212890625
           320.105000000000018   147837163848.909667968750000
           320.469999999999970   147825715011.646636962890625
           320.835000000000036   147814337798.747863769531250
           321.199999999999989   147803032692.704406738281250
           321.565000000000055   147791800173.181274414062500
           321.930000000000064   147780640716.993011474609375
           322.295000000000016   147769554798.079284667968750
           322.660000000000025   147758542887.480957031250000
           323.024999999999977   147747605453.315582275390625
           323.390000000000043   147736742960.753875732421875
           323.754999999999995   147725955871.995452880859375
           324.120000000000061   147715244646.245391845703125
           324.485000000000014   147704609739.690399169921875
           324.850000000000023   147694051605.475372314453125
           325.215000000000032   147683570693.680084228515625
           325.579999999999984   147673167451.295715332031250
           325.944999999999993   147662842322.201934814453125
           326.310000000000002   147652595747.143768310546875
           326.675000000000011   147642428163.708770751953125
           327.040000000000020   147632340006.304199218750000
           327.405000000000030   147622331706.134460449218750
           327.769999999999982   147612403691.178649902343750
           328.134999999999991   147602556386.168151855468750
           328.500000000000000   147592790212.564392089843750
           328.865000000000009   147583105588.536895751953125
           329.230000000000018   147573502928.941253662109375
           329.595000000000027   147563982645.297363281250000
           329.960000000000036   147554545145.767883300781250
           330.324999999999989   147545190835.136566162109375
           330.689999999999998   147535920114.787139892578125
           331.055000000000064   147526733382.681915283203125
           331.419999999999959   147517631033.340911865234375
           331.785000000000025   147508613457.820922851562500
           332.150000000000034   147499681043.694732666015625
           332.515000000000043   147490834175.030609130859375
           332.879999999999995   147482073232.372009277343750
           333.245000000000005   147473398592.717102050781250
           333.610000000000070   147464810629.498870849609375
           333.974999999999966   147456309712.565216064453125
           334.340000000000032   147447896208.159088134765625
           334.705000000000041   147439570478.898986816406250
           335.070000000000050   147431332883.759582519531250
           335.435000000000002   147423183778.052429199218750
           335.800000000000011   147415123513.406921386718750
           336.165000000000077   147407152437.751434326171875
           336.530000000000030   147399270895.294616699218750
           336.895000000000039   147391479226.506896972656250
           337.260000000000048   147383777768.102020263671875
           337.625000000000000   147376166853.019042968750000
           337.990000000000009   147368646810.404235839843750
           338.355000000000018   147361217965.593353271484375
           338.720000000000084   147353880640.094055175781250
           339.085000000000036   147346635151.568389892578125
           339.449999999999989   147339481813.815734863281250
           339.815000000000055   147332420936.755523681640625
           340.180000000000007   147325452826.410644531250000
           340.545000000000016   147318577784.890686035156250
           340.910000000000025   147311796110.375457763671875
           341.275000000000034   147305108097.098754882812500
           341.640000000000043   147298514035.332458496093750
           342.004999999999995   147292014211.370452880859375
           342.370000000000061   147285608907.513092041015625
           342.735000000000014   147279298402.051757812500000
           343.099999999999966   147273082969.253631591796875
           343.465000000000032   147266962879.346588134765625
           343.830000000000041   147260938398.504516601562500
           344.195000000000050   147255009788.832519531250000
           344.560000000000002   147249177308.352630615234375
           344.925000000000011   147243441210.989624023437500
           345.290000000000020   147237801746.556976318359375
           345.654999999999973   147232259160.743103027343750
           346.020000000000039   147226813695.097900390625000
           346.385000000000048   147221465587.019256591796875
           346.750000000000000   147216215069.740142822265625
           347.115000000000009   147211062372.315490722656250
           347.480000000000075   147206007719.609710693359375
           347.845000000000027   147201051332.284149169921875
           348.209999999999980   147196193426.784881591796875
           348.574999999999989   147191434215.330657958984375
           348.940000000000055   147186773905.901245117187500
           349.305000000000007   147182212702.225708007812500
           349.670000000000016   147177750803.771270751953125
           350.035000000000082   147173388405.732055664062500
           350.399999999999977   147169125699.018310546875000
           350.765000000000043   147164962870.245727539062500
           351.129999999999995   147160900101.725128173828125
           351.495000000000061   147156937571.452148437500000
           351.860000000000014   147153075453.097412109375000
           352.225000000000023   147149313915.996795654296875
           352.590000000000089   147145653125.141998291015625
           352.954999999999984   147142093241.171203613281250
           353.320000000000050   147138634420.360198974609375
           353.685000000000002   147135276814.613586425781250
           354.050000000000011   147132020571.456176757812500
           354.415000000000020   147128865834.024932861328125
           354.780000000000030   147125812741.060699462890625
           355.145000000000095   147122861426.900512695312500
           355.509999999999991   147120012021.470062255859375
           355.875000000000057   147117264650.276367187500000
           356.240000000000009   147114619434.400634765625000
           356.605000000000018   147112076490.491607666015625
           356.970000000000027   147109635930.758819580078125
           357.334999999999980   147107297862.966400146484375
           357.700000000000102   147105062390.426818847656250
           358.064999999999998   147102929611.995269775390625
           358.430000000000007   147100899622.063812255859375
           358.795000000000016   147098972510.556335449218750
           359.160000000000025   147097148362.923187255859375
           359.525000000000034   147095427260.136535644531250
           359.890000000000043   147093809278.685607910156250
           360.255000000000052   147092294490.572448730468750
           360.620000000000005   147090882963.307830810546875
           360.985000000000014   147089574759.907348632812500
           361.349999999999966   147088369938.887786865234375
           361.715000000000032   147087268554.263916015625000
           362.079999999999984   147086270655.545318603515625
           362.445000000000050   147085376287.733459472656250
           362.810000000000059   147084585491.319335937500000
           363.174999999999955   147083898302.280914306640625
           363.540000000000020   147083314752.081115722656250
           363.904999999999973   147082834867.666015625000000
           364.270000000000039   147082458671.463317871093750
           364.634999999999991   147082186181.380828857421875
           365.000000000000057   147082017410.805694580078125
