   111.761948      0.486144423    
   109.077469       2.21717000    
   108.000786       2.91866970    
   105.316315       4.69165993    
   104.239609       5.40914917    
   101.555145       7.22012854    
   100.478455       7.95205641    
   97.7939606       9.79733753    
   96.7172623       10.5422564    
   94.0327759       12.4182863    
   92.9561005       13.1748238    
   90.2715912       15.0782909    
   90.2707291       15.0789051    
   89.1948929       15.8451548    
   86.5103912       17.7728767    
   86.5095215       17.7734966    
   82.7491837       20.4977131    
   82.7483139       20.4983482    
   78.9879456       23.2486401    
   78.9870987       23.2492676    
   75.2267227       26.0214787    
   75.2258606       26.0221195    
   71.4654999       28.8121223    
   71.4646378       28.8127785    
   67.7042465       31.6163464    
   67.7033920       31.6169891    
   63.9430046       34.4297104    
   63.9421425       34.4303513    
   60.1817513       37.2475510    
   60.1808777       37.2482071    
   56.4204674       40.0647240    
   56.4196091       40.0653534    
   52.6592026       42.8754501    
   52.6583290       42.8760796    
   48.8979225       45.6731033    
   48.8970604       45.6737442    
   45.1366119       48.4498825    
   45.1357651       48.4505119    
   41.3753586       51.1962967    
   41.3744850       51.1969223    
   37.6140251       53.9006767    
   37.6131783       53.9012909    
   33.8527298       56.5482140    
   33.8518677       56.5488281    
   30.0914211       59.1199532    
   30.0905609       59.1205254    
   26.3300991       61.5910950    
   26.3292522       61.5916405    
   22.5687923       63.9291306    
   22.5679169       63.9296379    
   18.8074837       66.0913162    
   18.8065948       66.0917969    
   15.0461206       68.0224304    
   15.0452461       68.0228653    
   11.2848120       69.6536636    
   11.2839518       69.6539764    
   7.52347708       70.9056320    
   7.52256155       70.9058533    
   4.09810396E-04   71.9708099    
   3.76211405       71.6986160    
   3.76123977       71.6987305    
  -3.76123977       71.6987305    
  -3.76211405       71.6986160    
  -4.09810396E-04   71.9708099    
  -7.52256155       70.9058533    
  -7.52347708       70.9056320    
  -11.2839518       69.6539764    
  -11.2848120       69.6536636    
  -15.0452461       68.0228653    
  -15.0461206       68.0224304    
  -18.8065948       66.0917969    
  -18.8074837       66.0913162    
  -22.5679169       63.9296379    
  -22.5687923       63.9291306    
  -26.3292522       61.5916405    
  -26.3300991       61.5910950    
  -30.0905609       59.1205254    
  -30.0914211       59.1199532    
  -33.8518677       56.5488281    
  -33.8527298       56.5482140    
  -37.6131783       53.9012909    
  -41.3744850       51.1969223    
  -45.1357651       48.4505119    
  -48.8970604       45.6737442    
  -52.6583290       42.8760796    
  -56.4196091       40.0653534    
  -60.1808777       37.2482071    
  -63.9421425       34.4303513    
  -67.7033920       31.6169891    
  -71.4646378       28.8127785    
  -75.2258606       26.0221195    
  -78.9870987       23.2492676    
  -82.7483139       20.4983482    
  -86.5095215       17.7734966    
  -90.2707291       15.0789051    
