   66.6274948      0.534112751    
   65.0188675       1.54512179    
   62.8662415       2.87360430    
   61.2575989       3.85419846    
   59.1049881       5.14020395    
   57.4963455       6.08746719    
   55.3437042       7.32706165    
   53.7350655       8.23794746    
   51.5824394       9.42687511    
   49.9737701       10.2981396    
   47.8211594       11.4319620    
   46.2125015       12.2601681    
   44.0598755       13.3342266    
   42.4511948       14.1158171    
   40.2985840       15.1252346    
   38.6899414       15.8564997    
   36.5372734       16.7962914    
   34.9286194       17.4734268    
   32.7759819       18.3384895    
   31.1673241       18.9576855    
   29.0146713       19.7429237    
   27.4060154       20.3003807    
   25.2533493       21.0007954    
   23.6446934       21.4928207    
   21.4920559       22.1036091    
   19.8834267       22.5267181    
   17.7307072       23.0434265    
   16.1220360       23.3944435    
   13.9694118       23.8130512    
   12.3607559       24.0891743    
   10.2080355       24.4062996    
   8.59944820       24.6052551    
   6.44676828       24.8182068    
   4.83804417       24.9382954    
   2.68537831       25.0452423    
   1.07688606       25.0853901    
  -1.07688606       25.0853901    
  -1.35939574       47.9233170    
  -2.40118837       47.8891792    
  -2.68537831       25.0452423    
  -4.83804417       24.9382954    
  -6.16092587       47.5806732    
  -6.44676828       24.8182068    
  -8.59944820       24.6052551    
  -9.92038918       47.0039062    
  -10.2080355       24.4062996    
  -12.3607559       24.0891743    
  -13.6799221       46.1698341    
  -13.9694118       23.8130512    
  -16.1220360       23.3944435    
  -17.4394951       45.0933304    
  -17.7307072       23.0434265    
  -19.8834267       22.5267181    
  -21.1990147       43.7920609    
  -21.4920559       22.1036091    
  -23.6446934       21.4928207    
  -24.9585457       42.2852287    
  -25.2533493       21.0007954    
  -27.4060154       20.3003807    
  -28.7180920       40.5926437    
  -29.0146713       19.7429237    
  -31.1673241       18.9576855    
  -32.4776230       38.7338257    
  -32.7759819       18.3384895    
  -34.9286194       17.4734268    
  -36.2371559       36.7274475    
  -36.5372734       16.7962914    
  -38.6899414       15.8564997    
  -39.9966736       34.5909691    
  -40.2985840       15.1252346    
  -43.7561798       32.3404274    
  -44.0598755       13.3342266    
  -47.5156975       29.9903145    
  -47.8211594       11.4319620    
  -51.2751923       27.5537739    
  -51.5824394       9.42687511    
  -55.0347099       25.0424957    
  -55.3437042       7.32706165    
  -58.7941742       22.4670486    
  -59.1049881       5.14020395    
  -62.5536652       19.8368244    
  -62.8662415       2.87360430    
  -66.3131561       17.1603470    
  -66.6274948      0.534112751    
  -70.0726166       14.4453115    
  -71.8840942       13.2856703    
  -73.8320999       11.6987209    
  -75.6435547       10.5190334    
  -77.5915375       8.92708397    
  -79.4029999       7.73077250    
  -81.3509979       6.13642597    
  -83.1624374       4.92673397    
  -85.1104507       3.33248949    
  -86.9218750       2.11247706    
  -88.8698578      0.520793915    
