  147098075136.000000000000000              0.000000000000000
  147095396910.043762207031250      893319846.627232432365417
  147087396654.718170166015625     1786609249.348862886428833
  147074074595.365539550781250     2679838390.484520912170410
  147055431099.730926513671875     3572977453.236040592193604
  147031466677.970336914062500     4465996622.031096458435059
  147002181982.663543701171875     5358866082.867113113403320
  146967577808.831481933593750     6251556023.655564308166504
  146927655093.957946777343750     7144036634.566764831542969
  146882414918.016174316406250     8036278108.375261306762695
  146831858503.499267578125000     8928250640.805934906005859
  146775987215.455871582031250     9819924430.880914688110352
  146714802561.529785156250000    10711269681.267416000366211
  146648306192.004180908203125    11602256598.626619338989258
  146576499899.850311279296875    12492855393.963657379150391
  146499385620.780700683593750    13383036282.978897094726562
  146416965433.306365966796875    14272769486.420490264892578
  146329241558.799041748046875    15162025230.438465118408203
  146236216361.557098388671875    16050773746.940332412719727
  146137892348.876281738281250    16938985273.948360443115234
  146034272171.124572753906250    17826630055.958625793457031
  145925358621.821380615234375    18713678344.301952362060547
  145811154637.720794677734375    19600100397.506816864013672
  145691663298.899444580078125    20485866481.664367675781250
  145566887828.848175048828125    21370946870.795566558837891
  145436831594.568145751953125    22255311847.220710754394531
  145301498106.670776367187500    23138931701.931278228759766
  145160891019.482147216796875    24021776734.964336395263672
  145015014131.151214599609375    24903817255.779453277587891
  144863871383.761932373046875    25785023583.638439178466797
  144707466863.449645996093750    26665366047.987785339355469
  144545804800.521240234375000    27544814988.844066619873047
  144378889569.578948974609375    28423340757.182277679443359
  144206725689.648651123046875    29300913715.327388763427734
  144029317824.311309814453125    30177504237.348983764648438
  143846670781.838287353515625    31053082709.459262847900391
  143658789515.330749511718750    31927619530.414421081542969
  143465679122.862091064453125    32801085111.919536590576172
  143267344847.624664306640625    33673449879.037036895751953
  143063792078.079315185546875    34544684270.598861694335938
  142855026348.108886718750000    35414758739.622367858886719
  142641053337.175109863281250    36283643753.730186462402344
  142421878870.478576660156250    37151309795.573982238769531
  142197508919.122222900390625    38017727363.262275695800781
  141967949600.278167724609375    38882866970.792488098144531
  141733207177.357482910156250    39746699148.487182617187500
  141493288060.183135986328125    40609194443.434585571289062
  141248198805.166168212890625    41470323419.933609008789062
  140997946115.484588623046875    42330056659.943435668945312
  140742536841.265441894531250    43188364763.537536621093750
  140481977979.769439697265625    44045218349.362548828125000
  140216276675.578735351562500    44900588055.101867675781250
  139945440220.787017822265625    45754444537.944000244140625
  139669476055.192352294921875    46606758475.056060791015625
  139388391766.492919921875000    47457500564.062156677246094
  139102195090.484558105468750    48306641523.526824951171875
  138810893911.261444091796875    49154152093.443893432617188
  138514496261.418426513671875    50000003035.730392456054688
  138213010322.256103515625000    50844165134.725883483886719
  137906444423.987854003906250    51686609197.697296142578125
  137594807045.948791503906250    52527306055.349136352539062
  137278106816.807083129882812    53366226562.339393615722656
  136956352514.776809692382812    54203341597.801071166992188
  136629553067.832855224609375    55038622065.869422912597656
  136297717553.927536010742188    55872038896.215003967285156
  135960855201.208709716796875    56703563044.582664489746094
  135618975388.239562988281250    57533165493.336364746093750
  135272087644.219863891601562    58360817252.010131835937500
  134920201649.208572387695312    59186489357.865074157714844
  134563327234.347763061523438    60010152876.452522277832031
  134201474382.087463378906250    60831778902.183296203613281
  133834653226.412094116210938    61651338558.903518676757812
  133462874053.067321777343750    62468803000.476501464843750
  133086147299.788406372070312    63284143411.371253967285156
  132704483556.528656005859375    64097331007.257286071777344
  132317893565.689224243164062    64908337035.606040954589844
  131926388222.349075317382812    65717132776.298980712890625
  131529978574.495605468750000    66523689542.242095947265625
  131128675823.255630493164062    67327978679.987426757812500
  130722491323.126678466796875    68129971570.361076354980469
  130311436582.208312988281250    68929639629.098129272460938
  129895523262.433898925781250    69726954307.484573364257812
  129474763179.801696777343750    70521887093.005783081054688
  129049168304.606613159179688    71314409510.002380371093750
  128618750761.670989990234375    72104493120.332855224609375
  128183522830.575408935546875    72892109524.043197631835938
  127743496945.889099121093750    73677230360.043899536132812
  127298685697.399230957031250    74459827306.793762207031250
  126849101830.340377807617188    75239872082.991210937500000
  126394758245.622207641601562    76017336448.272521972656250
  125935668000.057022094726562    76792192203.917663574218750
  125471844306.585968017578125    77564411193.563034057617188
  125003300534.503860473632812    78333965303.921981811523438
  124530050209.683151245117188    79100826465.512268066406250
  124052107014.796310424804688    79864966653.391296386718750
  123569484789.536621093750000    80626357887.898513793945312
  123082197530.837585449218750    81384972235.405487060546875
  122590259393.090316772460938    82140781809.073318481445312
  122093684688.359298706054688    82893758769.617568969726562
  121592487886.596099853515625    83643875326.080978393554688
  121086683615.850799560546875    84391103736.613388061523438
  120576286662.481567382812500    85135416309.259643554687500
  120061311971.361495971679688    85876785402.754653930664062
  119541774646.083297729492188    86615183427.326583862304688
  119017689949.161087036132812    87350582845.507369995117188
  118489073302.229766845703125    88082956172.950851440429688
  117955940286.241424560546875    88812275979.258987426757812
  117418306641.658615112304688    89538514888.815155029296875
  116876188268.644912719726562    90261645581.625778198242188
  116329601227.251861572265625    90981640794.169097900390625
  115778561737.602828979492188    91698473320.252151489257812
  115223086180.073379516601562    92412116011.875091552734375
  114663191095.467819213867188    93122541780.103469848632812
  114098893185.192398071289062    93829723595.948104858398438
  113530209311.424331665039062    94533634491.252777099609375
  112957156497.276931762695312    95234247559.589508056640625
  112379751926.960754394531250    95931535957.161834716796875
  111798012945.940399169921875    96625472903.715454101562500
  111211957061.086807250976562    97316031683.456832885742188
  110621601940.825561523437500    98003185645.979461669921875
  110026965415.279769897460938    98686908207.197647094726562
  109428065476.408981323242188    99367172850.288238525390625
  108824920278.142745971679688   100043953126.639877319335938
  108217548136.509338378906250   100717222656.809844970703125
  107605967529.759231567382812   101386955131.488662719726562
  106990197098.483383178710938   102053124312.472244262695312
  106370255645.726058959960938   102715704033.641632080078125
  105746162137.092285156250000   103374668201.950393676757812
  105117935700.849334716796875   104029990798.419387817382812
  104485595628.022613525390625   104681645879.139236450195312
  103849161372.485733032226562   105329607576.280227661132812
  103208652551.044174194335938   105973850099.109558105468750
  102564088943.513107299804688   106614347735.016235351562500
  101915490492.788711547851562   107251074850.543151855468750
  101262877304.913177490234375   107884005892.426757812500000
  100606269649.132827758789062   108513115388.643707275390625
   99945687957.950012207031250   109138377949.465270996093750
   99281152827.167785644531250   109759768268.518524169921875
   98612685015.927597045898438   110377261123.854980468750000
   97940305446.740325927734375   110990831379.026550292968750
   97264035205.509429931640625   111600453984.168060302734375
   96583895541.547317504882812   112206103977.087448120117188
   95899907867.583999633789062   112807756484.362701416015625
   95212093759.767959594726562   113405386722.445617675781250
   94520474957.659652709960938   113998969998.772766113281250
   93825073364.216781616210938   114588481712.883056640625000
   93125911045.771896362304688   115173897357.542327880859375
   92423010232.001525878906250   115755192519.874496459960938
   91716393315.887344360351562   116332342882.499420166015625
   91006082853.668807983398438   116905324224.677474975585938
   90292101564.787368774414062   117474112423.460479736328125
   89574472331.822021484375000   118038683454.849502563476562
   88853218200.416076660156250   118599013394.958465576171875
   88128362379.195068359375000   119155078421.184783935546875
   87399928239.675674438476562   119706854813.385696411132812
   86667939316.165573120117188   120254318955.061218261718750
   85932419305.653915405273438   120797447334.542953491210938
   85193392067.692504882812500   121336216546.189102172851562
   84450881624.267486572265625   121870603291.585388183593750
   83704912159.661514282226562   122400584380.751861572265625
   82955508020.305923461914062   122926136733.355606079101562
   82202693714.623382568359375   123447237379.929000854492188
   81446493912.860260009765625   123963863463.093811035156250
   80686933446.909255981445312   124475992238.790618896484375
   79924037310.121398925781250   124983601077.513961791992188
   79157830657.108139038085938   125486667465.552703857421875
   78388338803.532775878906250   125985169006.235580444335938
   77615587225.891326904296875   126479083421.182189941406250
   76839601561.282852172851562   126968388551.558807373046875
   76060407607.168930053710938   127453062359.339401245117188
   75278031321.122268676757812   127933082928.571411132812500
   74492498820.564178466796875   128408428466.646331787109375
   73703836382.491271972656250   128879077305.575042724609375
   72912070443.190505981445312   129345007903.267608642578125
   72117227597.943359375000000   129806198844.817672729492188
   71319334600.718093872070312   130262628843.791213989257812
   70518418363.850982666015625   130714276743.519363403320312
   69714505957.715408325195312   131161121518.395706176757812
   68907624610.379623413085938   131603142275.177230834960938
   68097801707.252395629882812   132040318254.289489746093750
   67285064790.716743469238281   132472628831.135528564453125
   66469441559.751823425292969   132900053517.408218383789062
   65650959869.542289733886719   133322571962.406570434570312
   64829647731.075920104980469   133740163954.355194091796875
   64005533310.728256225585938   134152809421.727172851562500
   63178644929.835411071777344   134560488434.569976806640625
   62349011064.254051208496094   134963181205.834915161132812
   61516660343.908699035644531   135360868092.708953857421875
   60681621552.326377868652344   135753529597.949661254882812
   59843923626.158683776855469   136141146371.222824096679688
   59003595654.690513610839844   136523699210.442398071289062
   58160666879.336219787597656   136901169063.113388061523438
   57315166693.122383117675781   137273537027.676269531250000
   56467124640.157730102539062   137640784354.854187011718750
   55616570415.089523315429688   138002892449.001922607421875
   54763533862.546867370605469   138359842869.456573486328125
   53908044976.570472717285156   138711617331.890319824218750
   53050133900.029052734375000   139058197709.664550781250000
   52189830924.021942138671875   139399566035.185241699218750
   51327166487.268447875976562   139735704501.260223388671875
   50462171175.483222961425781   140066595462.456848144531250
   49594875720.737915039062500   140392221436.461395263671875
   48725311000.809036254882812   140712565105.438781738281250
   47853508038.511886596679688   141027609317.393127441406250
   46979498001.020446777343750   141337337087.529205322265625
   46103312199.173347473144531   141641731599.613800048828125
   45224982086.765602111816406   141940776207.337585449218750
   44344539259.826217651367188   142234454435.677062988281250
   43462015455.881622314453125   142522749982.256378173828125
   42577442553.204650878906250   142805646718.709136962890625
   41690852570.049461364746094   143083128692.039459228515625
   40802277663.871681213378906   143355180125.982818603515625
   39911750130.534370422363281   143621785422.366088867187500
   39019302403.499458312988281   143882929162.466674804687500
   38124967053.004463195800781   144138596108.370758056640625
   37228776785.224754333496094   144388771204.330078125000000
   36330764441.421043395996094   144633439578.117767333984375
   35430962997.072448730468750   144872586542.382293701171875
   34529405560.994285583496094   145106197595.999877929687500
   33626125374.441860198974609   145334258425.425262451171875
   32721155810.198543548583984   145556754906.039978027343750
   31814530371.649806976318359   145773673103.498809814453125
   30906282691.841903686523438   145984999275.073822021484375
   29996446532.525707244873047   146190719870.995880126953125
   29085055783.185733795166016   146390821535.793060302734375
   28172144460.054027557373047   146585291109.627014160156250
   27257746705.109218597412109   146774115629.625396728515625
   26341896785.060344696044922   146957282331.211547851562500
   25424629090.315795898437500   147134778649.430877685546875
   24505978133.937103271484375   147306592220.273132324218750
   23585978550.577831268310547   147472710881.991516113281250
   22664665095.406902313232422   147633122676.417541503906250
   21742072643.017311096191406   147787815850.271575927734375
   20818236186.319591522216797   147936778856.469818115234375
   19893190835.419853210449219   148080000355.425811767578125
   18966971816.483005523681641   148217469216.348236083984375
   18039614470.580867767333984   148349174518.533172607421875
   17111154252.524614334106445   148475105552.651794433593750
   16181626729.682809829711914   148595251822.032470703125000
   15251067580.783624649047852   148709603043.938049316406250
   14319512594.702512741088867   148818149150.836914062500000
   13386997669.234086990356445   148920880291.668792724609375
   12453558809.849449157714844   149017786833.104309082031250
   11519232128.438026428222656   149108859360.798858642578125
   10584053842.034629821777344   149194088680.639465332031250
    9648060271.530950546264648   149273465819.985992431640625
    8711287840.372434616088867   149346982028.904998779296875
    7773773073.239917755126953   149414628781.397064208984375
    6835552594.716121673583984   149476397776.617248535156250
    5896663127.937321662902832   149532280940.087646484375000
    4957141493.229919433593750   149582270424.903350830078125
    4017024606.732192039489746   149626358612.930328369140625
    3076349479.000766754150391   149664538115.995697021484375
    2135153213.602729558944702   149696801777.069641113281250
    1193473005.692518949508667   149723142671.440002441406250
     251346140.574008375406265   149743554107.877441406250000
    -691190007.752046704292297   149758029629.793121337890625
   -1634097978.055289030075073   149766563016.386901855468750
   -2577340223.357987880706787   149769148283.786895751953125
   -3520879112.431502819061279   149765779686.180175781250000
   -4464676931.307670593261719   149756451716.933654785156250
   -5408695884.804648399353027   149741159109.705993652343750
   -6352898098.067023277282715   149719896839.549743652343750
   -7297245618.120826721191406   149692660124.003387451171875
   -8241700415.442230224609375   149659444424.173797607421875
   -9186224385.541358947753906   149620245445.807983398437500
  -10130779350.559638977050781   149575059140.354888916015625
  -11075327060.881669998168945   149523881706.016418457031250
  -12019829196.761264801025391   149466709588.787628173828125
  -12964247369.961313247680664   149403539483.486053466796875
  -13908543125.407592773437500   149334368334.770050048828125
  -14852677942.856843948364258   149259193338.145568847656250
  -15796613238.578075408935547   149178011940.961364746093750
  -16740310367.048183441162109   149090821843.393096923828125
  -17683730622.660709381103516   148997620999.414794921875000
  -18626835241.448516845703125   148898407617.759033203125000
  -19569585402.819805145263672   148793180162.863983154296875
  -20511942231.307426452636719   148681937355.809173583984375
  -21453866798.331596374511719   148564678175.237609863281250
  -22395320123.975788116455078   148441401858.265960693359375
  -23336263178.775787353515625   148312107901.381195068359375
  -24276656885.521423339843750   148176796061.324493408203125
  -25216462121.071697235107422   148035466355.961730957031250
  -26155639718.182186126708984   147888119065.140319824218750
  -27094150467.345607757568359   147734754731.532867431640625
  -28031955118.644660949707031   147575374161.466491699218750
  -28969014383.617271423339844   147409978425.738433837890625
  -29905288937.134487152099609   147238568860.417633056640625
  -30840739419.290245056152344   147061147067.631439208984375
  -31775326437.303634643554688   146877714916.338531494140625
  -32709010567.432868957519531   146688274543.086669921875000
  -33641752356.901187896728516   146492828352.755584716796875
  -34573512325.834617614746094   146291379019.285308837890625
  -35504250969.211120605468750   146083929486.388793945312500
  -36433928758.821670532226562   145870482968.249664306640625
  -37362506145.242134094238281   145651042950.204010009765625
  -38289943559.816726684570312   145425613189.406921386718750
  -39216201416.652465820312500   145194197715.482818603515625
  -40141240114.624572753906250   144956800831.160400390625000
  -41065020039.392852783203125   144713427112.890502929687500
  -41987501565.428192138671875   144464081411.448699951171875
  -42908645058.050361633300781   144208768852.520568847656250
  -43828410875.475494384765625   143947494837.270935058593750
  -44746759370.874282836914062   143680265042.896179199218750
  -45663650894.439971923828125   143407085423.159332275390625
  -46579045795.466239929199219   143127962208.908660888671875
  -47492904424.435104370117188   142842901908.578582763671875
  -48405187135.114120483398438   142551911308.673370361328125
  -49315854286.663314819335938   142254997474.233337402343750
  -50224866245.751068115234375   141952167749.283508300781250
  -51132183388.679595947265625   141643429757.264190673828125
  -52037766103.518775939941406   141328791401.443939208984375
  -52941574792.249229431152344   141008260865.314270019531250
  -53843569872.913871765136719   140681846612.966156005859375
  -54743711781.777847290039062   140349557389.448242187500000
  -55641960975.496772766113281   140011402221.106445312500000
  -56538277933.293037414550781   139667390415.905273437500000
  -57432623159.140174865722656   139317531563.730010986328125
  -58324957183.954750061035156   138961835536.670196533203125
  -59215240567.795776367187500   138600312489.284118652343750
  -60103433902.071823120117188   138232972858.844329833984375
  -60989497811.755104064941406   137859827365.563568115234375
  -61873392957.602241516113281   137480887012.801513671875000
  -62755080038.382514953613281   137096163087.252304077148438
  -63634519793.112113952636719   136705667159.111816406250000
  -64511673003.295242309570312   136309411082.225952148437500
  -65386500495.171203613281250   135907406994.218612670898438
  -66258963141.967445373535156   135499667316.599914550781250
  -67129021866.158546447753906   135086204754.854339599609375
  -67996637641.731216430664062   134667032298.508758544921875
  -68861771496.454101562500000   134242163221.179992675781250
  -69724384514.153076171875000   133811611080.602416992187500
  -70584437836.991699218750000   133375389718.634765625000000
  -71441892667.756301879882812   132933513261.246536254882812
  -72296710272.145736694335938   132485996118.483566284179688
  -73148851981.065795898437500   132032852984.413192749023438
  -73998279192.927230834960938   131574098837.048233032226562
  -74844953375.948318481445312   131109748938.250335693359375
  -75688836070.460998535156250   130639818833.611968994140625
  -76529888891.220550537109375   130164324352.317718505859375
  -77368073529.718521118164062   129683281606.984222412109375
  -78203351756.499053955078125   129196706993.478652954101562
  -79035685423.477676391601562   128704617190.716308593750000
  -79865036466.263351440429688   128207029160.436431884765625
  -80691366906.482406616210938   127703960146.956634521484375
  -81514638854.105072021484375   127195427676.906051635742188
  -82334814509.774108886718750   126681449558.936508178710938
  -83151856167.134811401367188   126162043883.412017822265625
  -83965726215.166915893554688   125637229022.077133178710938
  -84776387140.517761230468750   125107023627.702560424804688
  -85583801529.836502075195312   124571446633.709869384765625
  -86387932072.109542846679688   124030517253.773483276367188
  -87188741560.995895385742188   123484254981.401443481445312
  -87986192897.163681030273438   122932679589.493621826171875
  -88780249090.626556396484375   122375811129.877990722656250
  -89570873263.079925537109375   121813669932.825286865234375
  -90358028650.237228393554688   121246276606.540603637695312
  -91141678604.165344238281250   120673652036.633834838867188
  -91921786595.619567871093750   120095817385.567169189453125
  -92698316216.377304077148438   119512794092.080734252929688
  -93471231181.570892333984375   118924603870.595794677734375
  -94240495332.018463134765625   118331268710.595870971679688
  -95006072636.553894042968750   117732810875.985061645507812
  -95767927194.353851318359375   117129252904.424789428710938
  -96526023237.263458251953125   116520617606.647476196289062
  -97280325132.119110107421875   115906928065.748016357421875
  -98030797383.068878173828125   115288207636.453414916992188
  -98777404633.889617919921875   114664479944.369216918945312
  -99520111670.301605224609375   114035768885.203933715820312
 -100258883422.279037475585938   113402098623.971313476562500
 -100993684966.357528686523438   112763493594.169509887695312
 -101724481527.937362670898438   112119978496.938766479492188
 -102451238483.582687377929688   111471578300.195632934570312
 -103173921363.316680908203125   110818318237.745758056640625
 -103892495852.911407470703125   110160223808.373855590820312
 -104606927796.173675537109375   109497320774.911071777343750
 -105317183197.225280761718750   108829635163.280471801757812
 -106023228222.777908325195312   108157193261.520004272460938
 -106725029204.402709960937500   107480021618.782943725585938
 -107422552640.793945312500000   106798147044.316299438476562
 -108115765200.026428222656250   106111596606.416946411132812
 -108804633721.807022094726562   105420397631.365280151367188
 -109489125219.719055175781250   104724577702.336944580078125
 -110169206883.460327148437500   104024164658.292434692382812
 -110844846081.074005126953125   103319186592.843994140625000
 -111516010361.172042846679688   102609671853.101577758789062
 -112182667455.151489257812500   101895649038.495208740234375
 -112844785279.402206420898438   101177146999.576980590820312
 -113502331937.507736206054688   100454194836.799896240234375
 -114155275722.436752319335938    99726821899.275329589843750
 -114803585118.726608276367188    98995057783.508773803710938
 -115447228804.658126831054688    98258932332.113479614257812
 -116086175654.421356201171875    97518475632.502593994140625
 -116720394740.271774291992188    96773718015.559707641601562
 -117349855334.677322387695312    96024690054.287750244140625
 -117974526912.455932617187500    95271422562.436157226562500
 -118594379152.902450561523438    94513946593.107162475585938
 -119209381941.906021118164062    93752293437.340148925781250
 -119819505374.056503295898438    92986494622.675140380859375
 -120424719754.740646362304688    92216581911.695007324218750
 -121024995602.227020263671875    91442587300.546371459960938
 -121620303649.739913940429688    90664543017.439987182617188
 -122210614847.521972656250000    89882481521.129333496093750
 -122795900364.885009765625000    89096435499.369689941406250
 -123376131592.249008178710938    88306437867.354980468750000
 -123951280143.169082641601562    87512521766.135375976562500
 -124521317856.350128173828125    86714720561.013275146484375
 -125086216797.648880004882812    85913067839.919601440429688
 -125645949262.063156127929688    85107597411.769515991210938
 -126200487775.708038330078125    84298343304.797912597656250
 -126749805097.778961181640625    83485339764.874862670898438
 -127293874222.501235961914062    82668621253.801223754882812
 -127832668381.065887451171875    81848222447.584243774414062
 -128366161043.551361083984375    81024178234.693450927734375
 -128894325920.831619262695312    80196523714.297027587890625
 -129417136966.469177246093750    79365294194.478942871093750
 -129934568378.594116210937500    78530525190.435989379882812
 -130446594601.767959594726562    77692252422.656768798828125
 -130953190328.832473754882812    76850511815.080642700195312
 -131454330502.743789672851562    76005339493.237991333007812
 -131949990318.389953613281250    75156771782.372329711914062
 -132440145224.394042968750000    74304845205.542739868164062
 -132924770924.900482177734375    73449596481.708694458007812
 -133403843381.345733642578125    72591062523.796066284179688
 -133877338814.212493896484375    71729280436.745223999023438
 -134345233704.767227172851562    70864287515.540939331054688
 -134807504796.781356811523438    69996121243.224334716796875
 -135264129098.235260009765625    69124819288.887451171875000
 -135715083883.005004882812500    68250419505.650047302246094
 -136160346692.532043457031250    67372959928.618927001953125
 -136599895337.475311279296875    66492478772.830360412597656
 -137033707899.345230102539062    65609014431.175094604492188
 -137461762732.120361328125000    64722605472.306892395019531
 -137884038463.845458984375000    63833290638.533950805664062
 -138300513998.211486816406250    62941108843.694335937500000
 -138711168516.116851806640625    62046099171.014579772949219
 -139115981477.210418701171875    61148300870.952293395996094
 -139514932621.414978027343750    60247753359.023078918457031
 -139908001970.432312011718750    59344496213.611190795898438
 -140295169829.228424072265625    58438569173.765106201171875
 -140676416787.499908447265625    57530012136.977241516113281
 -141051723721.120300292968750    56618865156.948852539062500
 -141421071793.566680908203125    55705168441.339935302734375
 -141784442457.326599121093750    54788962349.503471374511719
 -142141817455.284667968750000    53870287390.206672668457031
 -142493178822.088867187500000    52949184219.336227416992188
 -142838508885.496307373046875    52025693637.590179443359375
 -143177790267.698638916015625    51099856588.156044006347656
 -143511005886.626495361328125    50171714154.374305725097656
 -143838138957.233001708984375    49241307557.389015197753906
 -144159172992.755981445312500    48308678153.784912109375000
 -144474091805.959655761718750    47373867433.211044311523438
 -144782879510.353698730468750    46436917015.992164611816406
 -145085520521.391967773437500    45497868650.726654052734375
 -145381999557.648864746093750    44556764211.872589111328125
 -145672301641.973754882812500    43613645697.321151733398438
 -145956412102.623809814453125    42668555225.958099365234375
 -146234316574.374603271484375    41721535035.213584899902344
 -146506000999.608154296875000    40772627478.600341796875000
 -146771451629.378906250000000    39821875023.240272521972656
 -147030655024.456939697265625    38869320247.380279541015625
 -147283598056.348693847656250    37915005837.896827697753906
 -147530267908.294891357421875    36958974587.790496826171875
 -147770652076.245239257812500    36001269393.669380187988281
 -148004738369.810546875000000    35041933253.222549438476562
 -148232514913.191406250000000    34081009262.683940887451172
 -148453970146.083862304687500    33118540614.286216735839844
 -148669092824.561035156250000    32154570593.705177307128906
 -148877872021.932342529296875    31189142577.495059967041016
 -149080297129.578216552734375    30222300030.514854431152344
 -149276357857.761230468750000    29254086503.345836639404297
 -149466044236.414123535156250    28284545629.700942993164062
 -149649346615.902984619140625    27313721123.825351715087891
 -149826255667.767120361328125    26341656777.889545440673828
 -149996762385.434387207031250    25368396459.374687194824219
 -150160858084.912902832031250    24393984108.450305938720703
 -150318534405.457733154296875    23418463735.344821929931641
 -150469783310.213989257812500    22441879417.709308624267578
 -150614597086.834838867187500    21464275297.974189758300781
 -150752968348.075683593750000    20485695580.700004577636719
 -150884890032.363067626953125    19506184529.921401977539062
 -151010355404.339538574218750    18525786466.485725402832031
 -151129358055.383300781250000    17544545765.385898590087891
 -151241891904.103576660156250    16562506853.087194442749023
 -151347951196.810485839843750    15579714204.849941253662109
 -151447530507.960754394531250    14596212342.046716690063477
 -151540624740.577850341796875    13612045829.474798202514648
 -151627229126.647399902343750    12627259272.664848327636719
 -151707339227.487609863281250    11641897315.185062408447266
 -151780950934.094146728515625    10656004635.941354751586914
 -151848060467.460540771484375     9669625946.474628448486328
 -151908664378.872772216796875     8682805988.254076004028320
 -151962759550.178985595703125     7695589529.967964172363281
 -152010343194.033721923828125     6708021364.811283111572266
 -152051412854.117034912109375     5720146307.771304130554199
 -152085966405.328216552734375     4732009192.910442352294922
 -152114002053.954071044921875     3743654870.647656917572021
 -152135518337.811920166015625     2755128205.037781715393066
 -152150514126.367218017578125     1766474071.049784421920776
 -152158988620.825775146484375      777737351.843358159065247
 -152160941354.200286865234375     -211037063.954616934061050
 -152156372191.352142333984375    -1199804284.974881887435913
 -152145281329.006805419921875    -2188519419.830469608306885
 -152127669295.744506835937500    -3177137579.841835498809814
 -152103536951.965393066406250    -4165613881.761591434478760
 -152072885489.828887939453125    -5153903450.498416900634766
 -152035716433.167938232421875    -6141961421.841244697570801
 -151992031637.377899169921875    -7129742945.181031227111816
 -151941833289.279693603515625    -8117203186.232504844665527
 -151885123906.957885742187500    -9104297329.753656387329102
 -151821906339.573181152343750   -10090980582.263462066650391
 -151752183767.149749755859375   -11077208174.757810592651367
 -151675959700.337219238281250   -12062935365.422807693481445
 -151593237980.147155761718750   -13048117442.345670700073242
 -151504022777.664703369140625   -14032709726.222543716430664
 -151408318593.734344482421875   -15016667573.063026428222656
 -151306130258.621368408203125   -15999946376.891906738281250
 -151197462931.647247314453125   -16982501572.446342468261719
 -151082322100.800811767578125   -17964288637.869709014892578
 -150960713582.323638916015625   -18945263097.400913238525391
 -150832643520.270751953125000   -19925380524.059543609619141
 -150698118386.046691894531250   -20904596542.325687408447266
 -150557144977.916046142578125   -21882866830.815391540527344
 -150409730420.489593505859375   -22860147124.950424194335938
 -150255882164.185638427734375   -23836393219.622692108154297
 -150095607984.666595458984375   -24811560971.852695465087891
 -149928915982.250823974609375   -25785606303.442066192626953
 -149755814581.300170898437500   -26758485203.619754791259766
 -149576312529.582824707031250   -27730153731.681488037109375
 -149390418897.611846923828125   -28700568019.622840881347656
 -149198143077.959350585937500   -29669684274.764427185058594
 -148999494784.546508789062500   -30637458782.370773315429688
 -148794484051.909362792968750   -31603847908.260593414306641
 -148583121234.440582275390625   -32568808101.409778594970703
 -148365417005.607269287109375   -33532295896.546390533447266
 -148141382357.144897460937500   -34494267916.736976623535156
 -147911028598.227478027343750   -35454680875.964096069335938
 -147674367354.613983154296875   -36413491581.695785522460938
 -147431410567.771453857421875   -37370656937.445060729980469
 -147182170493.974395751953125   -38326133945.320510864257812
 -146926659703.380889892578125   -39279879708.567398071289062
 -146664891079.085510253906250   -40231851434.098625183105469
 -146396877816.149200439453125   -41182006435.015892028808594
 -146122633420.606109619140625   -42130302133.120437622070312
 -145842171708.447387695312500   -43076696061.413208007812500
 -145555506804.582458496093750   -44021145866.584175109863281
 -145262653141.777618408203125   -44963609311.490928649902344
 -144963625459.572204589843750   -45904044277.625610351562500
 -144658438803.172088623046875   -46842408767.570915222167969
 -144347108522.321350097656250   -47778660907.443756103515625
 -144029650270.151641845703125   -48712758949.327331542968750
 -143706080002.009704589843750   -49644661273.691139221191406
 -143376413974.263153076171875   -50574326391.798385620117188
 -143040668743.084136962890625   -51501712948.100524902343750
 -142698861163.212371826171875   -52426779722.619842529296875
 -142351008386.695800781250000   -53349485633.318183898925781
 -141997127861.610870361328125   -54269789738.452484130859375
 -141637237330.761291503906250   -55187651238.917274475097656
 -141271354830.356262207031250   -56103029480.573043823242188
 -140899498688.667510986328125   -57015883956.560714721679688
 -140521687524.666137695312500   -57926174309.602622985839844
 -140137940246.639007568359375   -58833860334.288253784179688
 -139748276050.784667968750000   -59738901979.346084594726562
 -139352714419.789611816406250   -60641259349.900527954101562
 -138951275121.384155273437500   -61540892709.713806152343750
 -138543978206.879211425781250   -62437762483.412902832031250
 -138130844009.682678222656250   -63331829258.701225280761719
 -137711893143.797454833984375   -64223053788.554290771484375
 -137287146502.299468994140625   -65111396993.400299072265625
 -136856625255.797195434570312   -65996819963.284530639648438
 -136420350850.871902465820312   -66879283960.017524719238281
 -135978345008.499984741210938   -67758750419.307365417480469
 -135530629722.455947875976562   -68635180952.874938964843750
 -135077227257.697982788085938   -69508537350.553329467773438
 -134618160148.735031127929688   -70378781582.369506835937500
 -134153451197.975921630859375   -71245875800.609756469726562
 -133683123474.061233520507812   -72109782341.867645263671875
 -133207200310.177291870117188   -72970463729.074768066406250
 -132725705302.353225708007812   -73827882673.513732910156250
 -132238662307.740783691406250   -74682002076.813903808593750
 -131746095442.877151489257812   -75532785032.928802490234375
 -131248029081.931503295898438   -76380194830.096084594726562
 -130744487854.934814453125000   -77224194952.778930664062500
 -130235496645.993606567382812   -78064749083.589324951171875
 -129721080591.487380981445312   -78901821105.192932128906250
 -129201265078.250656127929688   -79735375102.195358276367188
 -128676075741.739059448242188   -80565375363.009292602539062
 -128145538464.180221557617188   -81391786381.703475952148438
 -127609679372.709518432617188   -82214572859.832061767578125
 -127068524837.490631103515625   -83033699708.244888305664062
 -126522101469.821609497070312   -83849132048.878707885742188
 -125970436120.226531982421875   -84660835216.528625488281250
 -125413555876.532424926757812   -85468774760.600311279296875
 -124851488061.932647705078125   -86272916446.842239379882812
 -124284260233.035903930664062   -87073226259.058212280273438
 -123711900177.902328491210938   -87869670400.799911499023438
 -123134435914.065551757812500   -88662215297.039306640625000
 -122551895686.541809082031250   -89450827595.821166992187500
 -121964307965.826293945312500   -90235474169.894866943359375
 -121371701445.876800537109375   -91016122118.326187133789062
 -120774105042.084442138671875   -91792738768.088012695312500
 -120171547889.232742309570312   -92565291675.631362915039062
 -119564059339.444503784179688   -93333748628.434555053710938
 -118951668960.116714477539062   -94098077646.532394409179688
 -118334406531.844284057617188   -94858246984.024154663085938
 -117712302046.332214355468750   -95614225130.560180664062500
 -117085385704.296783447265625   -96365980812.808349609375000
 -116453687913.355911254882812   -97113482995.898147583007812
 -115817239285.909164428710938   -97856700884.844360351562500
 -115176070637.006988525390625   -98595603925.948730468750000
 -114530212982.210281372070312   -99330161808.180953979492188
 -113879697535.439758300781250  -100060344464.537338256835938
 -113224555706.815979003906250  -100786122073.378433227539062
 -112564819100.489807128906250  -101507465059.744644165039062
 -111900519512.463790893554688  -102224344096.650512695312500
 -111231688928.404754638671875  -102936730106.356567382812500
 -110558359521.447601318359375  -103644594261.619979858398438
 -109880563649.990936279296875  -104347907986.922836303710938
 -109198333855.484024047851562  -105046642959.678878784179688
 -108511702860.206466674804688  -105740771111.417602539062500
 -107820703565.039810180664062  -106430264628.946960449218750
 -107125369047.232025146484375  -107115095955.493164062500000
 -106425732558.154174804687500  -107795237791.819198608398438
 -105721827521.051208496093750  -108470663097.320449829101562
 -105013687528.784896850585938  -109141345091.098297119140625
 -104301346341.571182250976562  -109807257253.011581420898438
 -103584837884.711013793945312  -110468373324.705383300781250
 -102864196246.315124511718750  -111124667310.617767333984375
 -102139455675.023300170898438  -111776113478.964309692382812
 -101410650577.718063354492188  -112422686362.699447631835938
 -100677815517.233306884765625  -113064360760.456481933593750
  -99940985210.057540893554688  -113701111737.464248657226562
  -99200194524.033172607421875  -114332914626.441848754882812
  -98455478476.050369262695312  -114959745028.470642089843750
  -97706872229.737319946289062  -115581578813.844161987304688
  -96954411093.146530151367188  -116198392122.894836425781250
  -96198130516.436904907226562  -116810161366.799011230468750
  -95438066089.552749633789062  -117416863228.358978271484375
  -94674253539.899322509765625  -118018474662.762802124023438
  -93906728730.015289306640625  -118614972898.321548461914062
  -93135527655.242858886718750  -119206335437.183853149414062
  -92360686441.394638061523438  -119792540056.028488159179688
  -91582241342.418716430664062  -120373564806.734222412109375
  -90800228738.061676025390625  -120949388017.027145385742188
  -90014685131.529891967773438  -121519988291.105468750000000
  -89225647147.148544311523438  -122085344510.242904663085938
  -88433151528.020156860351562  -122645435833.368392944335938
  -87637235133.681732177734375  -123200241697.624145507812500
  -86837934937.760910034179688  -123749741818.901367187500000
  -86035288025.631576538085938  -124293916192.353790283203125
  -85229331592.068969726562500  -124832745092.888778686523438
  -84420102938.905395507812500  -125366209075.635986328125000
  -83607639472.684539794921875  -125894288976.394790649414062
  -82791978702.317565917968750  -126416965912.058425903320312
  -81973158236.739013671875000  -126934221281.017166137695312
  -81151215782.563598632812500  -127446036763.538375854492188
  -80326189141.743911743164062  -127952394322.125930786132812
  -79498116209.229843139648438  -128453276201.856460571289062
  -78667034970.629058837890625  -128948664930.694320678710938
  -77832983499.868896484375000  -129438543319.785095214843750
  -76995999956.861267089843750  -129922894463.726638793945312
  -76156122585.168319702148438  -130401701740.819091796875000
  -75313389709.671371459960938  -130874948813.293121337890625
  -74467839734.242355346679688  -131342619627.516250610351562
  -73619511139.417755126953125  -131804698414.178436279296875
  -72768442480.076049804687500  -132261169688.455612182617188
  -71914672383.117950439453125  -132712018250.152374267578125
  -71058239545.150146484375000  -133157229183.823364257812500
  -70199182730.172973632812500  -133596787858.873474121093750
  -69337540767.272369384765625  -134030679929.636672973632812
  -68473352548.315055847167969  -134458891335.434417724609375
  -67606657025.648422241210938  -134881408300.613189697265625
  -66737493209.805183410644531  -135298217334.560562133789062
  -65865900167.212623596191406  -135709305231.701309204101562
  -64991917017.906921386718750  -136114659071.472518920898438
  -64115582933.252220153808594  -136514266218.278564453125000
  -63236937133.665710449218750  -136908114321.425216674804688
  -62356018886.347633361816406  -137296191315.033767700195312
  -61472867503.017539978027344  -137678485417.935028076171875
  -60587522337.656280517578125  -138054985133.543121337890625
  -59700022784.254531860351562  -138425679249.709136962890625
  -58810408274.566894531250000  -138790556838.555358886718750
  -57918718275.873291015625000  -139149607256.289428710937500
  -57024992288.747039794921875  -139502820142.999023437500000
  -56129269844.829246520996094  -139850185422.426757812500000
  -55231590504.611434936523438  -140191693301.726287841796875
  -54331993855.224693298339844  -140527334271.198181152343750
  -53430519508.235885620117188  -140857099104.008087158203125
  -52527207097.452987670898438  -141180978855.884216308593750
  -51622096276.737068176269531  -141498964864.797271728515625
  -50715226717.822578430175781  -141811048750.620941162109375
  -49806638108.146667480468750  -142117222414.773712158203125
  -48896370148.685562133789062  -142417478039.842987060546875
  -47984462551.800483703613281  -142711808089.189575195312500
  -47070955039.092254638671875  -143000205306.535125732421875
  -46155887339.264366149902344  -143282662715.530670166015625
  -45239299185.995613098144531  -143559173619.307861328125000
  -44321230315.821800231933594  -143829731600.011749267578125
  -43401720466.026748657226562  -144094330518.316589355468750
  -42480809372.542823791503906  -144352964512.923461914062500
  -41558536767.861633300781250  -144605628000.041198730468750
  -40634942378.954444885253906  -144852315672.849243164062500
  -39710065925.202484130859375  -145093022500.944458007812500
  -38783947116.337608337402344  -145327743729.770172119140625
  -37856625650.392913818359375  -145556474880.028930664062500
  -36928141211.665107727050781  -145779211747.078338623046875
  -35998533468.685539245605469  -145995950400.310791015625000
  -35067842072.204071044921875  -146206687182.516632080078125
  -34136106653.182659149169922  -146411418709.231018066406250
  -33203366820.800216674804688  -146610141868.065551757812500
  -32269662160.469211578369141  -146802853818.023101806640625
  -31335032231.862854003906250  -146989551988.797637939453125
  -30399516566.954471588134766  -147170234080.058349609375000
  -29463154668.068138122558594  -147344898060.718566894531250
  -28525986005.941036224365234  -147513542168.189239501953125
  -27588050017.797950744628906  -147676164907.617736816406250
  -26649386105.438068389892578  -147832765051.111480712890625
  -25710033633.332649230957031  -147983341636.947448730468750
  -24770031926.736293792724609  -148127893968.766632080078125
  -23829420269.810165405273438  -148266421614.754425048828125
  -22888237903.757389068603516  -148398924406.806823730468750
  -21946524024.971347808837891  -148525402439.682739257812500
  -21004317783.196765899658203  -148645856070.142517089843750
  -20061658279.703224182128906  -148760285916.072662353515625
  -19118584565.472091674804688  -148868692855.597290039062500
  -18175135639.396198272705078  -148971078026.176116943359375
  -17231350446.492626190185547  -149067442823.689697265625000
  -16287267876.128881454467773  -149157788901.511413574218750
  -15342926760.262155532836914  -149242118169.566772460937500
  -14398365871.692619323730469  -149320432793.380584716796875
  -13453623922.329170227050781  -149392735193.110870361328125
  -12508739561.469921112060547  -149459028042.571655273437500
  -11563751374.095623016357422  -149519314268.242858886718750
  -10618697879.177280426025391  -149573597048.268920898437500
   -9673617527.997035980224609  -149621879811.445465087890625
   -8728548702.484054565429688  -149664166236.194580078125000
   -7783529713.563467979431152  -149700460249.529083251953125
   -6838598799.519895553588867  -149730766026.005218505859375
   -5893794124.374457359313965  -149755087986.664886474609375
   -4949153776.277578353881836  -149773430797.966674804687500
   -4004715765.913953304290771  -149785799370.707031250000000
   -3060518024.923964500427246  -149792198858.930236816406250
   -2116598404.338059663772583  -149792634658.829132080078125
   -1172994673.025974035263062  -149787112407.635009765625000
    -229744516.161682575941086  -149775637982.498321533203125
     713114466.299329400062561  -149758217499.359405517578125
    1655544761.125775337219238  -149734857311.810150146484375
    2597508943.303051471710205  -149705564009.946044921875000
    3538969677.510592937469482  -149670344419.209472656250000
    4479889719.583918571472168  -149629205599.223937988281250
    5420231917.962649345397949  -149582154842.619873046875000
    6359959215.122603416442871  -149529199673.851776123046875
    7299034648.994315147399902  -149470347848.007019042968750
    8237421354.365145683288574  -149405607349.606750488281250
    9175082564.267095565795898  -149334986391.398620605468750
   10111981611.349599838256836  -149258493413.142242431640625
   11048081929.237146377563477  -149176137080.386260986328125
   11983347053.871858596801758  -149087926283.239196777343750
   12917740624.840419769287109  -148993870135.132110595703125
   13851226386.686828613281250  -148893977971.574798583984375
   14783768190.208972930908203  -148788259348.905212402343750
   15715329993.740692138671875  -148676724043.032043457031250
   16645875864.418272018432617  -148559382048.170928955078125
   17575369979.431774139404297  -148436243575.574707031250000
   18503776627.261436462402344  -148307319052.257293701171875
   19431060208.898040771484375  -148172619119.711669921875000
   20357185239.049167633056641  -148032154632.622619628906250
   21282116347.328758239746094  -147885936657.573364257812500
   22205818279.433040618896484  -147733976471.747467041015625
   23128255898.300083160400391  -147576285561.625183105468750
   24049394185.253787994384766  -147412875621.675048828125000
   24969198241.133949279785156  -147243758553.040771484375000
   25887633287.409736633300781  -147068946462.223419189453125
   26804664667.278610229492188  -146888451659.759124755859375
   27720257846.750366210937500  -146702286658.892822265625000
   28634378415.714660644531250  -146510464174.247741699218750
   29546992088.994434356689453  -146312997120.491271972656250
   30458064707.383892059326172  -146109898610.996734619140625
   31367562238.671150207519531  -145901181956.502227783203125
   32275450778.645835876464844  -145686860663.765380859375000
   33181696552.091827392578125  -145466948434.215820312500000
   34086265913.763545989990234  -145241459162.604217529296875
   34989125349.349327087402344  -145010406935.648254394531250
   35890241476.418258666992188  -144773806030.676574707031250
   36789581045.351745605468750  -144531670914.270019531250000
   37687110940.261703491210938  -144284016240.900268554687500
   38582798179.891944885253906  -144030856851.567016601562500
   39476609918.505920410156250  -143772207772.432586669921875
   40368513446.758651733398438  -143508084213.455322265625000
   41258476192.555046081542969  -143238501567.020843505859375
   42146465721.892005920410156  -142963475406.572418212890625
   43032449739.686767578125000  -142683021485.239532470703125
   43916396090.590370178222656  -142397155734.465942382812500
   44798272759.785736083984375  -142105894262.636260986328125
   45678047873.772468566894531  -141809253353.702117919921875
   46555689701.135833740234375  -141507249465.807495117187500
   47431166653.302055358886719  -141199899229.913879394531250
   48304447285.278976440429688  -140887219448.424835205078125
   49175500296.381721496582031  -140569227093.810791015625000
   50044294530.945167541503906  -140245939307.233398437500000
   50910798979.021194458007812  -139917373397.170654296875000
   51774982777.062187194824219  -139583546838.041717529296875
   52636815208.590370178222656  -139244477268.832916259765625
   53496265704.852821350097656  -138900182491.723876953125000
   54353303845.462509155273438  -138550680470.714752197265625
   55207899359.026237487792969  -138195989330.254150390625000
   56060022123.757385253906250  -137836127353.868499755859375
   56909642168.075653076171875  -137471112982.792388916015625
   57756729671.193122863769531  -137100964814.600418090820312
   58601254963.686477661132812  -136725701601.840621948242188
   59443188528.055686950683594  -136345342250.669540405273438
   60282500999.268974304199219  -135959905819.489089965820312
   61119163165.294914245605469  -135569411517.585632324218750
   61953145967.621109008789062  -135173878703.770584106445312
   62784420501.759086608886719  -134773326885.024047851562500
   63612958017.736442565917969  -134367775715.140274047851562
   64438729920.576148986816406  -133957244993.375900268554688
   65261707770.762733459472656  -133541754663.100692749023438
   66081863284.695152282714844  -133121324810.451049804687500
   66899168335.127540588378906  -132695975662.986740112304688
   67713594951.596481323242188  -132265727588.350524902343750
   68525115320.836730957031250  -131830601092.930587768554688
   69333701787.183242797851562  -131390616820.526962280273438
   70139326852.961761474609375  -130945795551.020751953125000
   70941963178.866714477539062  -130496158199.047302246093750
   71741583584.326370239257812  -130041725812.672943115234375
   72538161047.857025146484375  -129582519572.075393676757812
   73331668707.404235839843750  -129118560788.228210449218750
   74122079860.672500610351562  -128649870901.589218139648438
   74909367965.442687988281250  -128176471480.793304443359375
   75693506639.878921508789062  -127698384221.348907470703125
   76474469662.822372436523438  -127215630944.339569091796875
   77252230974.074401855468750  -126728233595.129531860351562
   78026764674.668502807617188  -126236214242.073837280273438
   78798045027.130462646484375  -125739595075.233535766601562
   79566046455.727081298828125  -125238398405.095642089843750
   80330743546.705154418945312  -124732646661.297225952148438
   81092111048.518081665039062  -124222362391.355636596679688
   81850123872.042282104492188  -123707568259.403106689453125
   82604757090.782867431640625  -123188287044.926803588867188
   83355985941.068756103515625  -122664541641.514053344726562
   84103785822.237167358398438  -122136355055.603149414062500
   84848132296.807754516601562  -121603750405.239303588867188
   85589001090.646408081054688  -121066750918.836761474609375
   86326368093.119400024414062  -120525379933.945938110351562
   87060209357.236633300781250  -119979660896.026870727539062
   87790501099.786148071289062  -119429617357.227874755859375
   88517219701.457687377929688  -118875272975.170822143554688
   89240341706.957107543945312  -118316651511.742218017578125
   89959843825.112136840820312  -117753776831.889633178710938
   90675702928.966583251953125  -117186672902.425765991210938
   91387896055.867523193359375  -116615363790.837402343750000
   92096400407.542114257812500  -116039873664.101074218750000
   92801193350.165359497070312  -115460226787.505874633789062
   93502252414.419509887695312  -114876447523.481353759765625
   94199555295.544143676757812  -114288560330.433441162109375
   94893079853.377792358398438  -113696589761.585845947265625
   95582804112.391265869140625  -113100560463.828475952148438
   96268706261.712371826171875  -112500497176.572814941406250
   96950764655.142059326171875  -111896424730.613708496093750
   97628957811.162902832031250  -111288368046.998657226562500
   98303264412.938888549804688  -110676352135.903259277343750
   98973663308.308670043945312  -110060402095.513900756835938
   99640133509.769073486328125  -109440543110.917938232421875
  100302654194.452819824218750  -108816800453.000045776367188
  100961204704.097488403320312  -108189199477.346679687500000
  101615764545.007843017578125  -107557765623.157028198242188
  102266313388.010299682617188  -106922524412.161544799804688
  102912831068.400909423828125  -106283501447.547607421875000
  103555297585.885940551757812  -105640722412.892410278320312
  104193693104.515411376953125  -104994213071.103744506835938
  104827997952.610794067382812  -104343999263.367233276367188
  105458192622.685058593750000  -103690106908.102050781250000
  106084257771.356475830078125  -103032561999.923721313476562
  106706174219.257095336914062  -102371390608.613693237304688
  107323922950.933563232421875  -101706618878.097946166992188
  107937485114.742782592773438  -101038273025.431961059570312
  108546842022.741470336914062  -100366379339.793701171875000
  109151975150.569808959960938   -99690964181.484176635742188
  109752866137.329193115234375   -99012053980.936279296875000
  110349496785.455276489257812   -98329675237.729949951171875
  110941849060.584243774414062   -97643854519.616790771484375
  111529905091.415405273437500   -96954618461.550567626953125
  112113647169.567153930664062   -96261993764.727127075195312
  112693057749.429016113281250   -95566007195.631072998046875
  113268119448.007904052734375   -94866685585.090545654296875
  113838815044.770523071289062   -94164055827.339920043945312
  114405127481.480560302734375   -93458144879.089721679687500
  114967039862.031402587890625   -92748979758.605499267578125
  115524535452.274642944335938   -92036587544.793182373046875
  116077597679.844604492187500   -91320995376.293167114257812
  116626210133.978073120117188   -90602230450.582138061523438
  117170356565.330535888671875   -89880320023.082519531250000
  117710020885.788757324218750   -89155291406.279663085937500
  118245187168.278945922851562   -88427171968.847549438476562
  118775839646.572235107421875   -87695989134.781204223632812
  119301962715.085937500000000   -86961770382.537933349609375
  119823540928.681655883789062   -86224543244.186248779296875
  120340559002.460540771484375   -85484335304.562118530273438
  120853001811.555130004882812   -84741174200.433410644531250
  121360854390.918014526367188   -83995087619.672363281250000
  121864101935.108612060546875   -83246103300.434951782226562
  122362729798.076171875000000   -82494249030.348968505859375
  122856723492.940612792968750   -81739552645.709732055664062
  123346068691.770965576171875   -80982042030.683395385742188
  123830751225.361648559570312   -80221745116.517272949218750
  124310757083.006210327148438   -79458689880.759246826171875
  124786072412.269088745117188   -78692904346.483795166015625
  125256683518.755538940429688   -77924416581.526092529296875
  125722576865.879486083984375   -77153254697.723892211914062
  126183739074.629928588867188   -76379446850.166366577148438
  126640156923.335525512695312   -75603021236.451477050781250
  127091817347.427947998046875   -74824006095.949920654296875
  127538707439.203582763671875   -74042429709.077301025390625
  127980814447.583999633789062   -73258320396.573654174804688
  128418125777.875747680664062   -72471706518.790069580078125
  128850628991.528594970703125   -71682616474.983001708984375
  129278311805.893051147460938   -70891078702.616134643554688
  129701162093.977355957031250   -70097121676.669006347656250
  130119167884.203277587890625   -69300773908.953887939453125
  130532317360.162094116210938   -68502063947.438415527343750
  130940598860.369308471679688   -67701020375.577377319335938
  131344000878.019821166992188   -66897671811.649559020996094
  131742512060.742401123046875   -66092046908.103492736816406
  132136121210.353897094726562   -65284174350.909446716308594
  132524817282.614089965820312   -64474082858.918281555175781
  132908589386.979965209960938   -63661801183.227783203125000
  133287426786.360763549804688   -62847358106.555519104003906
  133661318896.873138427734375   -62030782442.618537902832031
  134030255287.596282958984375   -61212103035.520477294921875
  134394225680.328628540039062   -60391348759.144569396972656
  134753219949.344039916992188   -59568548516.553794860839844
  135107228121.149612426757812   -58743731239.397720336914062
  135456240374.243682861328125   -57916925887.325942993164062
  135800247038.875366210937500   -57088161447.407409667968750
  136139238596.804412841796875   -56257466933.557418823242188
  136473205681.063095092773438   -55424871385.969657897949219
  136802139075.718383789062500   -54590403870.555503845214844
  137126029715.636032104492188   -53754093478.389213562011719
  137444868686.246093750000000   -52915969325.159065246582031
  137758647223.309722900390625   -52076060550.624992370605469
  138067356712.687408447265625   -51234396318.082794189453125
  138370988690.109558105468750   -50391005813.832618713378906
  138669534840.948120117187500   -49545918246.655174255371094
  138962986999.990509033203125   -48699162847.292762756347656
  139251337151.215576171875000   -47850768867.936172485351562
  139534577427.571136474609375   -47000765581.717620849609375
  139812700110.754150390625000   -46149182282.208923339843750
  140085697630.992828369140625   -45296048282.925483703613281
  140353562566.831115722656250   -44441392916.835105895996094
  140616287644.915557861328125   -43585245535.873207092285156
  140873865739.784484863281250   -42727635510.462448120117188
  141126289873.660156250000000   -41868592229.037750244140625
  141373553216.242828369140625   -41008145097.576774597167969
  141615649084.508148193359375   -40146323539.135078430175781
  141852570942.507049560546875   -39283156993.386016845703125
  142084312401.168395996093750   -38418674916.166496276855469
  142310867218.104553222656250   -37552906779.026145935058594
  142532229297.420288085937500   -36685882068.782295227050781
  142748392689.524200439453125   -35817630287.078750610351562
  142959351590.943603515625000   -34948180949.949638366699219
  143165100344.142456054687500   -34077563587.387344360351562
  143365633437.342498779296875   -33205807742.915409088134766
  143560945504.348022460937500   -32332942973.164138793945312
  143751031324.373413085937500   -31458998847.452205657958984
  143935885821.874694824218750   -30584004947.371158599853516
  144115504066.384368896484375   -29707990866.374061584472656
  144289881272.349548339843750   -28830986209.368404388427734
  144459012798.974151611328125   -27953020592.312175750732422
  144622894150.064361572265625   -27074123641.814289093017578
  144781520973.877990722656250   -26194324994.737571716308594
  144934889062.977661132812500   -25313654297.806629180908203
  145082994354.087677001953125   -24432141207.217720031738281
  145225832927.954650878906250   -23549815388.252590179443359
  145363401009.212371826171875   -22666706514.895614624023438
  145495694966.250427246093750   -21782844269.453521728515625
  145622711311.086669921875000   -20898258342.178588867187500
  145744446699.244110107421875   -20012978430.894386291503906
  145860897929.631591796875000   -19127034240.623889923095703
  145972061944.428680419921875   -18240455483.221721649169922
  146077935828.974670410156250   -17353271877.007114410400391
  146178516811.661987304687500   -16465513146.400545120239258
  146273802263.833465576171875   -15577209021.562294006347656
  146363789699.684356689453125   -14688389238.033576965332031
  146448476776.168151855468750   -13799083536.379177093505859
  146527861292.907196044921875   -12909321661.832874298095703
  146601941192.107177734375000   -12019133363.944501876831055
  146670714558.476501464843750   -11128548396.228553771972656
  146734179619.149719238281250   -10237596515.814821243286133
  146792334743.615631103515625    -9346307483.100784301757812
  146845178443.649505615234375    -8454711061.404921531677246
  146892709373.250244140625000    -7562837016.622333526611328
  146934926328.581756591796875    -6670715116.880829811096191
  146971828247.918762207031250    -5778375132.198833465576172
  147003414211.597534179687500    -4885846834.143960952758789
  147029683441.970703125000000    -3993159995.492277145385742
  147050635303.367004394531250    -3100344389.889445781707764
  147066269302.055297851562500    -2207429791.511577606201172
  147076585086.213623046875000    -1314445974.727752923965454
  147081582445.902130126953125     -421422713.761636853218079
  147081261313.041381835937500      471610217.644787073135376
