             0.000000000000000   147098075136.000000000000000
             3.650000000000000   147101509495.762512207031250
             7.300000000000001   147115238622.694396972656250
            10.949999999999999   147139217663.168121337890625
            14.600000000000001   147173357102.838775634765625
            18.250000000000000   147217523201.485473632812500
            21.899999999999999   147271538673.137420654296875
            25.550000000000004   147335183605.282318115234375
            29.200000000000003   147408196608.741729736328125
            32.850000000000001   147490276187.728881835937500
            36.500000000000000   147581082317.712097167968750
            40.149999999999999   147680238217.021362304687500
            43.799999999999997   147787332296.678802490234375
            47.450000000000003   147901920271.723632812500000
            51.100000000000009   148023527416.352722167968750
            54.750000000000007   148151650944.510284423828125
            58.400000000000006   148285762497.138183593750000
            62.050000000000004   148425310717.133575439453125
            65.700000000000003   148569723893.142211914062500
            69.350000000000009   148718412653.629425048828125
            73.000000000000000   148870772693.193786621093750
            76.650000000000006   149026187513.802581787109375
            80.299999999999997   149184031164.504119873046875
            83.950000000000003   149343670964.186370849609375
            87.599999999999994   149504470193.076141357421875
            91.250000000000014   149665790739.880004882812500
            94.900000000000006   149826995692.733489990234375
            98.550000000000011   149987451863.420043945312500
           102.200000000000017   150146532235.626068115234375
           105.850000000000009   150303618329.286987304687500
           109.500000000000014   150458102474.338470458984375
           113.150000000000006   150609389988.391845703125000
           116.800000000000011   150756901253.997650146484375
           120.450000000000003   150900073692.227691650390625
           124.100000000000009   151038363630.288024902343750
           127.750000000000000   151171248061.765899658203125
           131.400000000000006   151298226298.906707763671875
           135.050000000000040   151418821517.011566162109375
           138.700000000000017   151532582191.640136718750000
           142.349999999999994   151639083429.798522949218750
           146.000000000000000   151737928196.690063476562500
           149.650000000000006   151828748439.911193847656250
           153.300000000000011   151911206113.189758300781250
           156.950000000000017   151984994101.894348144531250
           160.599999999999994   152049837052.595825195312500
           164.250000000000000   152105492108.941802978515625
           167.900000000000006   152151749556.021118164062500
           171.549999999999983   152188433375.248504638671875
           175.199999999999989   152215401711.605041503906250
           178.850000000000051   152232547254.826354980468750
           182.500000000000028   152239797535.850738525390625
           186.150000000000006   152237115139.526794433593750
           189.800000000000011   152224497834.244171142578125
           193.450000000000045   152201978618.795257568359375
           197.100000000000023   152169625686.411895751953125
           200.750000000000028   152127542305.550231933593750
           204.400000000000034   152075866616.631561279296875
           208.050000000000011   152014771343.589630126953125
           211.700000000000017   151944463418.735748291015625
           215.350000000000051   151865183519.136535644531250
           219.000000000000028   151777205512.416229248046875
           222.650000000000034   151680835809.648742675781250
           226.300000000000011   151576412622.804748535156250
           229.949999999999989   151464305124.075256347656250
           233.600000000000023   151344912504.306060791015625
           237.250000000000057   151218662927.762908935546875
           240.900000000000006   151086012380.507019042968750
           244.550000000000040   150947443409.803070068359375
           248.200000000000017   150803463752.215423583984375
           251.850000000000051   150654604848.376953125000000
           255.500000000000000   150501420242.844421386718750
           259.150000000000034   150344483867.990325927734375
           262.800000000000011   150184388211.526336669921875
           266.450000000000045   150021742368.006683349609375
           270.100000000000080   149857169975.527099609375000
           273.750000000000000   149691307039.807159423828125
           277.400000000000034   149524799648.923645019531250
           281.050000000000011   149358301583.135528564453125
           284.699999999999989   149192471825.507019042968750
           288.350000000000023   149027971980.372253417968750
           292.000000000000000   148865463608.085296630859375
           295.650000000000034   148705605485.941040039062500
           299.300000000000011   148549050806.613891601562500
           302.950000000000045   148396444326.922210693359375
           306.600000000000023   148248419481.156066894531250
           310.250000000000000   148105595474.578186035156250
           313.900000000000034   147968574373.992980957031250
           317.549999999999955   147837938213.444000244140625
           321.199999999999989   147714246134.114776611328125
           324.850000000000023   147598031578.341949462890625
           328.500000000000000   147489799558.273162841796875
           332.150000000000034   147390024020.087341308593750
           335.800000000000011   147299145324.819580078125000
           339.449999999999989   147217567866.677124023437500
           343.099999999999966   147145657849.282806396484375
           346.750000000000000   147083741239.529235839843750
           350.399999999999977   147032101917.669311523437500
           354.050000000000011   146990980040.914031982421875
           357.700000000000102   146960570636.164703369140625
           361.349999999999966   146941022435.599884033203125
           365.000000000000057   146932436966.688476562500000
