  152098226176.000000000000000              0.000000000000000
  148940163809.926513671875000    30595878628.258098602294922
  139581345011.269409179687500    59915395275.514457702636719
  124394990682.906051635742188    86730327971.553604125976562
  103990433263.543670654296875   109903274218.378036499023438
   79195272599.461273193359375   128431304196.662353515625000
   51029814346.037025451660156   141487609155.897186279296875
   20673290606.276931762695312   148459831123.697631835937500
  -10578418806.463481903076172   148983256743.834014892578125
  -41363360609.769508361816406   142966582507.119720458984375
  -70311411349.161315917968750   130607633008.077590942382812
  -96107548711.724670410156250   112396378125.973541259765625
 -117557420704.216674804687500    89102980001.804153442382812
 -133651110992.656219482421875    61749486994.915405273437500
 -143620287769.782989501953125    31565164223.301349639892578
 -146983773502.431030273437500      -72834770.133502393960953
 -143577146656.071563720703125   -31709963405.869304656982422
 -133563298349.977218627929688   -61890940485.592086791992188
 -117422747833.125793457031250   -89236664254.835525512695312
  -95924643654.303787231445312  -112515397112.261932373046875
  -70081342443.810638427734375  -130703010361.004287719726562
  -41090906381.803962707519531  -143028529493.110504150390625
  -10272577042.256107330322266  -149003029062.885925292968750
   20999762359.041107177734375  -148431729657.683441162109375
   51361794198.043144226074219  -141410643073.853759765625000
   79517355711.870162963867188  -128310114070.839736938476562
  104289301639.126098632812500  -109748074900.352767944335938
  124661617100.275955200195312   -86555830757.729553222656250
  139812609234.084136962890625   -59738863348.837379455566406
  149139563280.881469726562500   -30434626575.508529663085938
  152275514806.224670410156250      131251871.180458858609200
