             0.000000000000000   152098226176.000000000000000
       1051920.000000000000000   152050255457.736236572265625
       2103840.000000000000000   151897355033.509918212890625
       3155760.000000000000000   151645189495.260742187500000
       4207680.000000000000000   151303469538.076110839843750
       5259600.000000000000000   150885688850.064910888671875
       6311520.000000000000000   150408728127.203186035156250
       7363440.000000000000000   149892316019.762664794921875
       8415360.000000000000000   149358340023.060333251953125
       9467280.000000000000000   148830008112.271820068359375
      10519200.000000000000000   148330874621.178070068359375
      11571120.000000000000000   147883760890.820434570312500
      12623040.000000000000000   147509620729.734436035156250
      13674960.000000000000000   147226419550.658569335937500
      14726880.000000000000000   147048109989.619598388671875
      15778800.000000000000000   146983791548.312164306640625
      16830720.000000000000000   147037134156.989929199218750
      17882640.000000000000000   147206124805.716308593750000
      18934560.000000000000000   147483164991.846069335937500
      19986480.000000000000000   147855510034.408813476562500
      21038400.000000000000000   148306006203.914245605468750
      22090320.000000000000000   148814054565.554260253906250
      23142240.000000000000000   149356715647.487091064453125
      24194160.000000000000000   149909867548.163146972656250
      25246080.000000000000000   150449339904.843048095703125
      26298000.000000000000000   150951963327.013397216796875
      27349920.000000000000000   151396493951.181274414062500
      28401840.000000000000000   151764391792.727630615234375
      29453760.000000000000000   152040446904.939666748046875
      30505680.000000000000000   152213257735.332305908203125
      31557600.000000000000000   152275571371.623626708984375
