     90.21       0.01
     89.96       0.20
     89.71       0.39
     89.46       0.58
     89.21       0.77
     88.96       0.95
     88.71       1.14
     88.45       1.33
     88.20       1.52
     87.95       1.71
     87.70       1.90
     87.45       2.08
     87.20       2.27
     86.95       2.46
     86.70       2.65
     86.45       2.84
     86.20       3.03
     85.95       3.21
     85.70       3.40
     85.44       3.59
     85.19       3.78
     84.94       3.97
     84.69       4.16
     84.44       4.34
     84.19       4.53
     83.94       4.72
     83.69       4.91
     83.44       5.10
     83.19       5.28
     82.94       5.47
     82.69       5.66
     82.44       5.85
     82.18       6.03
     81.93       6.22
     81.68       6.41
     81.43       6.60
     81.18       6.78
     80.93       6.97
     80.68       7.16
     80.43       7.35
     80.18       7.53
     79.93       7.72
     79.68       7.91
     79.43       8.10
     79.17       8.28
     78.92       8.47
     78.67       8.66
     78.42       8.84
     78.17       9.03
     77.92       9.22
     77.67       9.40
     77.42       9.59
     77.17       9.78
     76.92       9.96
     76.67      10.15
     76.42      10.34
     76.16      10.52
     75.91      10.71
     75.66      10.89
     75.41      11.08
     75.16      11.26
     74.91      11.45
     74.66      11.64
     74.41      11.82
     74.16      12.01
     73.91      12.19
     73.66      12.38
     73.41      12.56
     73.16      12.75
     72.90      12.93
     72.65      13.12
     72.40      13.30
     72.15      13.49
     71.90      13.67
     71.65      13.85
     71.40      14.04
     71.15      14.22
     70.90      14.41
     70.65      14.59
     70.40      14.77
     70.15      14.96
     69.89      15.14
     69.64      15.32
     69.39      15.51
     69.14      15.69
     68.89      15.87
     68.64      16.06
     68.39      16.24
     68.14      16.42
     67.89      16.60
     67.64      16.78
     67.39      16.97
     67.14      17.15
     66.88      17.33
     66.63      17.51
     66.38      17.69
     66.13      17.87
     65.88      18.05
     65.63      18.24
     65.38      18.42
     65.13      18.60
     64.88      18.78
     64.63      18.96
     64.38      19.14
     64.13      19.32
     63.88      19.50
     63.62      19.68
     63.37      19.85
     63.12      20.03
     62.87      20.21
     62.62      20.39
     62.37      20.57
     62.12      20.75
     61.87      20.93
     61.62      21.10
     61.37      21.28
     61.12      21.46
     60.87      21.64
     60.61      21.81
     60.36      21.99
     60.11      22.17
     59.86      22.34
     59.61      22.52
     59.36      22.69
     59.11      22.87
     58.86      23.04
     58.61      23.22
     58.36      23.39
     58.11      23.57
     57.86      23.74
     57.60      23.92
     57.35      24.09
     57.10      24.27
     56.85      24.44
     56.60      24.61
     56.35      24.78
     56.10      24.96
     55.85      25.13
     55.60      25.30
     55.35      25.47
     55.10      25.65
     54.85      25.82
     54.60      25.99
     54.34      26.16
     54.09      26.33
     53.84      26.50
     53.59      26.67
     53.34      26.84
     53.09      27.01
     52.84      27.18
     52.59      27.35
     52.34      27.51
     52.09      27.68
     51.84      27.85
     51.59      28.02
     51.33      28.18
     51.08      28.35
     50.83      28.52
     50.58      28.68
     50.33      28.85
     50.08      29.01
     49.83      29.18
     49.58      29.34
     49.33      29.51
     49.08      29.67
     48.83      29.84
     48.58      30.00
     48.32      30.16
     48.07      30.33
     47.82      30.49
     47.57      30.65
     47.32      30.81
     47.07      30.97
     46.82      31.13
     46.57      31.29
     46.32      31.45
     46.07      31.61
     45.82      31.77
     45.57      31.93
     45.31      32.09
     45.06      32.25
     44.81      32.40
     44.56      32.56
     44.31      32.72
     44.06      32.88
     43.81      33.03
     43.56      33.19
     43.31      33.34
     43.06      33.50
     42.81      33.65
     42.56      33.80
     42.31      33.96
     42.05      34.11
     41.80      34.26
     41.55      34.41
     41.30      34.56
     41.05      34.72
     40.80      34.87
     40.55      35.02
     40.30      35.17
     40.05      35.31
     39.80      35.46
     39.55      35.61
     39.30      35.76
     39.04      35.90
     38.79      36.05
     38.54      36.20
     38.29      36.34
     38.04      36.49
     37.79      36.63
     37.54      36.77
     37.29      36.92
     37.04      37.06
     36.79      37.20
     36.54      37.34
     36.29      37.48
     36.03      37.63
     35.78      37.76
     35.53      37.90
     35.28      38.04
     35.03      38.18
     34.78      38.32
     34.53      38.45
     34.28      38.59
     34.03      38.73
     33.78      38.86
     33.53      39.00
     33.28      39.13
     33.03      39.26
     32.77      39.39
     32.52      39.53
     32.27      39.66
     32.02      39.79
     31.77      39.92
     31.52      40.05
     31.27      40.18
     31.02      40.30
     30.77      40.43
     30.52      40.56
     30.27      40.68
     30.02      40.81
     29.76      40.93
     29.51      41.05
     29.26      41.18
     29.01      41.30
     28.76      41.42
     28.51      41.54
     28.26      41.66
     28.01      41.78
     27.76      41.90
     27.51      42.02
     27.26      42.13
     27.01      42.25
     26.75      42.37
     26.50      42.48
     26.25      42.59
     26.00      42.71
     25.75      42.82
     25.50      42.93
     25.25      43.04
     25.00      43.15
     24.75      43.26
     24.50      43.37
     24.25      43.47
     24.00      43.58
     23.74      43.69
     23.49      43.79
     23.24      43.89
     22.99      44.00
     22.74      44.10
     22.49      44.20
     22.24      44.30
     21.99      44.40
     21.74      44.50
     21.49      44.60
     21.24      44.69
     20.99      44.79
     20.74      44.88
     20.48      44.98
     20.23      45.07
     19.98      45.16
     19.73      45.25
     19.48      45.34
     19.23      45.43
     18.98      45.52
     18.73      45.61
     18.48      45.69
     18.23      45.78
     17.98      45.86
     17.73      45.95
     17.47      46.03
     17.22      46.11
     16.97      46.19
     16.72      46.27
     16.47      46.35
     16.22      46.42
     15.97      46.50
     15.72      46.57
     15.47      46.65
     15.22      46.72
     14.97      46.79
     14.72      46.86
     14.46      46.93
     14.21      47.00
     13.96      47.07
     13.71      47.14
     13.46      47.20
     13.21      47.27
     12.96      47.33
     12.71      47.39
     12.46      47.45
     12.21      47.51
     11.96      47.57
     11.71      47.63
     11.45      47.68
     11.20      47.74
     10.95      47.79
     10.70      47.85
     10.45      47.90
     10.20      47.95
      9.95      48.00
      9.70      48.05
      9.45      48.09
      9.20      48.14
      8.95      48.18
      8.70      48.23
      8.45      48.27
      8.19      48.31
      7.94      48.35
      7.69      48.39
      7.44      48.43
      7.19      48.46
      6.94      48.50
      6.69      48.53
      6.44      48.57
      6.19      48.60
      5.94      48.63
      5.69      48.66
      5.44      48.68
      5.18      48.71
      4.93      48.74
      4.68      48.76
      4.43      48.78
      4.18      48.81
      3.93      48.83
      3.68      48.85
      3.43      48.86
      3.18      48.88
      2.93      48.90
      2.68      48.91
      2.43      48.92
      2.17      48.93
      1.92      48.95
      1.67      48.95
      1.42      48.96
      1.17      48.97
      0.92      48.97
      0.67      48.98
      0.42      48.98
      0.17      48.98
      0.08      48.98
      0.33      48.98
     -0.59      48.98
     -0.84      48.98
     -1.09      48.97
     -1.34      48.97
     -1.59      48.96
     -1.84      48.95
     -2.09      48.94
     -2.34      48.93
     -2.59      48.92
     -2.84      48.91
     -3.09      48.89
     -3.34      48.88
     -3.60      48.86
     -3.85      48.84
     -4.10      48.82
     -4.35      48.80
     -4.60      48.78
     -4.85      48.76
     -5.10      48.73
     -5.35      48.71
     -5.60      48.68
     -5.85      48.65
     -6.10      48.62
     -6.35      48.59
     -6.60      48.56
     -6.86      48.53
     -7.11      48.49
     -7.36      48.46
     -7.61      48.42
     -7.86      48.38
     -8.11      48.34
     -8.36      48.30
     -8.61      48.26
     -8.86      48.22
     -9.11      48.17
     -9.36      48.13
     -9.61      48.08
     -9.87      48.04
    -10.12      47.99
    -10.37      47.94
    -10.62      47.89
    -10.87      47.83
    -11.12      47.78
    -11.37      47.73
    -11.62      47.67
    -11.87      47.61
    -12.12      47.56
    -12.37      47.50
    -12.62      47.44
    -12.88      47.38
    -13.13      47.31
    -13.38      47.25
    -13.63      47.19
    -13.88      47.12
    -14.13      47.05
    -14.38      46.99
    -14.63      46.92
    -14.88      46.85
    -15.13      46.78
    -15.38      46.71
    -15.63      46.63
    -15.89      46.56
    -16.14      46.48
    -16.39      46.41
    -16.64      46.33
    -16.89      46.25
    -17.14      46.17
    -17.39      46.09
    -17.64      46.01
    -17.89      45.93
    -18.14      45.84
    -18.39      45.76
    -18.64      45.67
    -18.89      45.59
    -19.15      45.50
    -19.40      45.41
    -19.65      45.32
    -19.90      45.23
    -20.15      45.14
    -20.40      45.05
    -20.65      44.96
    -20.90      44.86
    -21.15      44.77
    -21.40      44.67
    -21.65      44.58
    -21.90      44.48
    -22.16      44.38
    -22.41      44.28
    -22.66      44.18
    -22.91      44.08
    -23.16      43.98
    -23.41      43.87
    -23.66      43.77
    -23.91      43.66
    -24.16      43.56
    -24.41      43.45
    -24.66      43.34
    -24.91      43.24
    -25.17      43.13
    -25.42      43.02
    -25.67      42.91
    -25.92      42.80
    -26.17      42.68
    -26.42      42.57
    -26.67      42.46
    -26.92      42.34
    -27.17      42.23
    -27.42      42.11
    -27.67      41.99
    -27.92      41.88
    -28.18      41.76
    -28.43      41.64
    -28.68      41.52
    -28.93      41.40
    -29.18      41.27
    -29.43      41.15
    -29.68      41.03
    -29.93      40.91
    -30.18      40.78
    -30.43      40.66
    -30.68      40.53
    -30.93      40.40
    -31.18      40.28
    -31.44      40.15
    -31.69      40.02
    -31.94      39.89
    -32.19      39.76
    -32.44      39.63
    -32.69      39.50
    -32.94      39.37
    -33.19      39.24
    -33.44      39.10
    -33.69      38.97
    -33.94      38.83
    -34.19      38.70
    -34.45      38.56
    -34.70      38.43
    -34.95      38.29
    -35.20      38.15
    -35.45      38.02
    -35.70      37.88
    -35.95      37.74
    -36.20      37.60
    -36.45      37.46
    -36.70      37.32
    -36.95      37.18
    -37.20      37.03
    -37.46      36.89
    -37.71      36.75
    -37.96      36.60
    -38.21      36.46
    -38.46      36.31
    -38.71      36.17
    -38.96      36.02
    -39.21      35.88
    -39.46      35.73
    -39.71      35.58
    -39.96      35.43
    -40.21      35.29
    -40.47      35.14
    -40.72      34.99
    -40.97      34.84
    -41.22      34.69
    -41.47      34.54
    -41.72      34.39
    -41.97      34.23
    -42.22      34.08
    -42.47      33.93
    -42.72      33.78
    -42.97      33.62
    -43.22      33.47
    -43.47      33.31
    -43.73      33.16
    -43.98      33.00
    -44.23      32.85
    -44.48      32.69
    -44.73      32.53
    -44.98      32.38
    -45.23      32.22
    -45.48      32.06
    -45.73      31.90
    -45.98      31.74
    -46.23      31.59
    -46.48      31.43
    -46.74      31.27
    -46.99      31.11
    -47.24      30.95
    -47.49      30.78
    -47.74      30.62
    -47.99      30.46
    -48.24      30.30
    -48.49      30.14
    -48.74      29.97
    -48.99      29.81
    -49.24      29.65
    -49.49      29.48
    -49.75      29.32
    -50.00      29.15
    -50.25      28.99
    -50.50      28.82
    -50.75      28.66
    -51.00      28.49
    -51.25      28.32
    -51.50      28.16
    -51.75      27.99
    -52.00      27.82
    -52.25      27.66
    -52.50      27.49
    -52.75      27.32
    -53.01      27.15
    -53.26      26.98
    -53.51      26.81
    -53.76      26.64
    -54.01      26.47
    -54.26      26.30
    -54.51      26.13
    -54.76      25.96
    -55.01      25.79
    -55.26      25.62
    -55.51      25.45
    -55.76      25.28
    -56.02      25.11
    -56.27      24.93
    -56.52      24.76
    -56.77      24.59
    -57.02      24.41
    -57.27      24.24
    -57.52      24.07
    -57.77      23.89
    -58.02      23.72
    -58.27      23.55
    -58.52      23.37
    -58.77      23.20
    -59.03      23.02
    -59.28      22.85
    -59.53      22.67
    -59.78      22.49
    -60.03      22.32
    -60.28      22.14
    -60.53      21.97
    -60.78      21.79
    -61.03      21.61
    -61.28      21.44
    -61.53      21.26
    -61.78      21.08
    -62.04      20.90
    -62.29      20.73
    -62.54      20.55
    -62.79      20.37
    -63.04      20.19
    -63.29      20.01
    -63.54      19.83
    -63.79      19.65
    -64.04      19.48
    -64.29      19.30
    -64.54      19.12
    -64.79      18.94
    -65.04      18.76
    -65.30      18.58
    -65.55      18.40
    -65.80      18.22
    -66.05      18.03
    -66.30      17.85
    -66.55      17.67
    -66.80      17.49
    -67.05      17.31
    -67.30      17.13
    -67.55      16.95
    -67.80      16.77
    -68.05      16.58
    -68.31      16.40
    -68.56      16.22
    -68.81      16.04
    -69.06      15.86
    -69.31      15.67
    -69.56      15.49
    -69.81      15.31
    -70.06      15.12
    -70.31      14.94
    -70.56      14.76
    -70.81      14.57
    -71.06      14.39
    -71.32      14.21
    -71.57      14.02
    -71.82      13.84
    -72.07      13.66
    -72.32      13.47
    -72.57      13.29
    -72.82      13.10
    -73.07      12.92
    -73.32      12.73
    -73.57      12.55
    -73.82      12.36
    -74.07      12.18
    -74.32      11.99
    -74.58      11.81
    -74.83      11.62
    -75.08      11.44
    -75.33      11.25
    -75.58      11.07
    -75.83      10.88
    -76.08      10.70
    -76.33      10.51
    -76.58      10.32
    -76.83      10.14
    -77.08       9.95
    -77.33       9.77
    -77.59       9.58
    -77.84       9.39
    -78.09       9.21
    -78.34       9.02
    -78.59       8.83
    -78.84       8.65
    -79.09       8.46
    -79.34       8.27
    -79.59       8.09
    -79.84       7.90
    -80.09       7.71
    -80.34       7.53
    -80.60       7.34
    -80.85       7.15
    -81.10       6.97
    -81.35       6.78
    -81.60       6.59
    -81.85       6.40
    -82.10       6.22
    -82.35       6.03
    -82.60       5.84
    -82.85       5.65
    -83.10       5.47
    -83.35       5.28
    -83.60       5.09
    -83.86       4.90
    -84.11       4.72
    -84.36       4.53
    -84.61       4.34
    -84.86       4.15
    -85.11       3.97
    -85.36       3.78
    -85.61       3.59
    -85.86       3.40
    -86.11       3.21
    -86.36       3.03
    -86.61       2.84
    -86.87       2.65
    -87.12       2.46
    -87.37       2.28
    -87.62       2.09
    -87.87       1.90
    -88.12       1.71
    -88.37       1.52
    -88.62       1.34
    -88.87       1.15
    -89.12       0.96
    -89.37       0.77
    -89.62       0.58
    -89.87       0.39
    -90.13       0.21
    -90.38       0.02
 
