     89.21       0.12
     88.96       0.30
     88.71       0.49
     88.46       0.68
     88.21       0.87
     87.96       1.06
     87.71       1.24
     87.46       1.43
     87.21       1.62
     86.96       1.81
     86.71       1.99
     86.46       2.18
     86.20       2.37
     85.95       2.56
     85.70       2.75
     85.45       2.93
     85.20       3.12
     84.95       3.31
     84.70       3.50
     84.45       3.68
     84.20       3.87
     83.95       4.06
     83.70       4.25
     83.45       4.43
     83.20       4.62
     82.94       4.81
     82.69       5.00
     82.44       5.18
     82.19       5.37
     81.94       5.56
     81.69       5.74
     81.44       5.93
     81.19       6.12
     80.94       6.30
     80.69       6.49
     80.44       6.68
     80.19       6.86
     79.93       7.05
     79.68       7.24
     79.43       7.42
     79.18       7.61
     78.93       7.80
     78.68       7.98
     78.43       8.17
     78.18       8.35
     77.93       8.54
     77.68       8.73
     77.43       8.91
     77.18       9.10
     76.93       9.28
     76.67       9.47
     76.42       9.65
     76.17       9.84
     75.92      10.03
     75.67      10.21
     75.42      10.40
     75.17      10.58
     74.92      10.77
     74.67      10.95
     74.42      11.13
     74.17      11.32
     73.92      11.50
     73.66      11.69
     73.41      11.87
     73.16      12.06
     72.91      12.24
     72.66      12.42
     72.41      12.61
     72.16      12.79
     71.91      12.97
     71.66      13.16
     71.41      13.34
     71.16      13.52
     70.91      13.71
     70.65      13.89
     70.40      14.07
     70.15      14.25
     69.90      14.44
     69.65      14.62
     69.40      14.80
     69.15      14.98
     68.90      15.17
     68.65      15.35
     68.40      15.53
     68.15      15.71
     67.90      15.89
     67.65      16.07
     67.39      16.25
     67.14      16.43
     66.89      16.61
     66.64      16.79
     66.39      16.97
     66.14      17.15
     65.89      17.33
     65.64      17.51
     65.39      17.69
     65.14      17.87
     64.89      18.05
     64.64      18.23
     64.38      18.41
     64.13      18.59
     63.88      18.77
     63.63      18.95
     63.38      19.12
     63.13      19.30
     62.88      19.48
     62.63      19.66
     62.38      19.83
     62.13      20.01
     61.88      20.19
     61.63      20.36
     61.38      20.54
     61.12      20.72
     60.87      20.89
     60.62      21.07
     60.37      21.24
     60.12      21.42
     59.87      21.59
     59.62      21.77
     59.37      21.94
     59.12      22.12
     58.87      22.29
     58.62      22.46
     58.37      22.64
     58.11      22.81
     57.86      22.98
     57.61      23.16
     57.36      23.33
     57.11      23.50
     56.86      23.67
     56.61      23.85
     56.36      24.02
     56.11      24.19
     55.86      24.36
     55.61      24.53
     55.36      24.70
     55.11      24.87
     54.85      25.04
     54.60      25.21
     54.35      25.38
     54.10      25.55
     53.85      25.72
     53.60      25.88
     53.35      26.05
     53.10      26.22
     52.85      26.39
     52.60      26.55
     52.35      26.72
     52.10      26.89
     51.84      27.05
     51.59      27.22
     51.34      27.39
     51.09      27.55
     50.84      27.71
     50.59      27.88
     50.34      28.04
     50.09      28.21
     49.84      28.37
     49.59      28.53
     49.34      28.70
     49.09      28.86
     48.84      29.02
     48.58      29.18
     48.33      29.34
     48.08      29.50
     47.83      29.67
     47.58      29.83
     47.33      29.99
     47.08      30.14
     46.83      30.30
     46.58      30.46
     46.33      30.62
     46.08      30.78
     45.83      30.94
     45.57      31.09
     45.32      31.25
     45.07      31.40
     44.82      31.56
     44.57      31.72
     44.32      31.87
     44.07      32.02
     43.82      32.18
     43.57      32.33
     43.32      32.49
     43.07      32.64
     42.82      32.79
     42.56      32.94
     42.31      33.09
     42.06      33.24
     41.81      33.39
     41.56      33.54
     41.31      33.69
     41.06      33.84
     40.81      33.99
     40.56      34.14
     40.31      34.29
     40.06      34.43
     39.81      34.58
     39.56      34.72
     39.30      34.87
     39.05      35.02
     38.80      35.16
     38.55      35.30
     38.30      35.45
     38.05      35.59
     37.80      35.73
     37.55      35.87
     37.30      36.01
     37.05      36.15
     36.80      36.29
     36.55      36.43
     36.29      36.57
     36.04      36.71
     35.79      36.85
     35.54      36.99
     35.29      37.12
     35.04      37.26
     34.79      37.39
     34.54      37.53
     34.29      37.66
     34.04      37.79
     33.79      37.93
     33.54      38.06
     33.29      38.19
     33.03      38.32
     32.78      38.45
     32.53      38.58
     32.28      38.71
     32.03      38.84
     31.78      38.97
     31.53      39.09
     31.28      39.22
     31.03      39.35
     30.78      39.47
     30.53      39.59
     30.28      39.72
     30.02      39.84
     29.77      39.96
     29.52      40.08
     29.27      40.20
     29.02      40.32
     28.77      40.44
     28.52      40.56
     28.27      40.68
     28.02      40.80
     27.77      40.91
     27.52      41.03
     27.27      41.14
     27.01      41.26
     26.76      41.37
     26.51      41.48
     26.26      41.59
     26.01      41.70
     25.76      41.81
     25.51      41.92
     25.26      42.03
     25.01      42.14
     24.76      42.25
     24.51      42.35
     24.26      42.46
     24.01      42.56
     23.75      42.66
     23.50      42.77
     23.25      42.87
     23.00      42.97
     22.75      43.07
     22.50      43.17
     22.25      43.26
     22.00      43.36
     21.75      43.46
     21.50      43.55
     21.25      43.65
     21.00      43.74
     20.74      43.83
     20.49      43.93
     20.24      44.02
     19.99      44.11
     19.74      44.20
     19.49      44.28
     19.24      44.37
     18.99      44.46
     18.74      44.54
     18.49      44.63
     18.24      44.71
     17.99      44.79
     17.74      44.87
     17.48      44.95
     17.23      45.03
     16.98      45.11
     16.73      45.19
     16.48      45.26
     16.23      45.34
     15.98      45.41
     15.73      45.48
     15.48      45.56
     15.23      45.63
     14.98      45.70
     14.73      45.77
     14.47      45.83
     14.22      45.90
     13.97      45.97
     13.72      46.03
     13.47      46.09
     13.22      46.16
     12.97      46.22
     12.72      46.28
     12.47      46.34
     12.22      46.40
     11.97      46.45
     11.72      46.51
     11.46      46.56
     11.21      46.62
     10.96      46.67
     10.71      46.72
     10.46      46.77
     10.21      46.82
      9.96      46.87
      9.71      46.91
      9.46      46.96
      9.21      47.00
      8.96      47.05
      8.71      47.09
      8.46      47.13
      8.20      47.17
      7.95      47.21
      7.70      47.25
      7.45      47.28
      7.20      47.32
      6.95      47.35
      6.70      47.39
      6.45      47.42
      6.20      47.45
      5.95      47.48
      5.70      47.50
      5.45      47.53
      5.19      47.56
      4.94      47.58
      4.69      47.60
      4.44      47.63
      4.19      47.65
      3.94      47.67
      3.69      47.68
      3.44      47.70
      3.19      47.72
      2.94      47.73
      2.69      47.75
      2.44      47.76
      2.19      47.77
      1.93      47.78
      1.68      47.79
      1.43      47.79
      1.18      47.80
      0.93      47.81
      0.68      47.81
      0.43      47.81
      0.18      47.81
      0.07      47.81
      0.32      47.81
     -0.57      47.81
     -0.83      47.81
     -1.08      47.80
     -1.33      47.79
     -1.58      47.79
     -1.83      47.78
     -2.08      47.77
     -2.33      47.76
     -2.58      47.75
     -2.83      47.73
     -3.08      47.72
     -3.33      47.70
     -3.58      47.68
     -3.84      47.67
     -4.09      47.65
     -4.34      47.63
     -4.59      47.60
     -4.84      47.58
     -5.09      47.56
     -5.34      47.53
     -5.59      47.50
     -5.84      47.48
     -6.09      47.45
     -6.34      47.42
     -6.59      47.38
     -6.84      47.35
     -7.10      47.32
     -7.35      47.28
     -7.60      47.25
     -7.85      47.21
     -8.10      47.17
     -8.35      47.13
     -8.60      47.09
     -8.85      47.05
     -9.10      47.00
     -9.35      46.96
     -9.60      46.91
     -9.85      46.87
    -10.11      46.82
    -10.36      46.77
    -10.61      46.72
    -10.86      46.67
    -11.11      46.62
    -11.36      46.56
    -11.61      46.51
    -11.86      46.45
    -12.11      46.39
    -12.36      46.34
    -12.61      46.28
    -12.86      46.22
    -13.12      46.16
    -13.37      46.09
    -13.62      46.03
    -13.87      45.96
    -14.12      45.90
    -14.37      45.83
    -14.62      45.76
    -14.87      45.70
    -15.12      45.63
    -15.37      45.55
    -15.62      45.48
    -15.87      45.41
    -16.12      45.34
    -16.38      45.26
    -16.63      45.18
    -16.88      45.11
    -17.13      45.03
    -17.38      44.95
    -17.63      44.87
    -17.88      44.79
    -18.13      44.71
    -18.38      44.62
    -18.63      44.54
    -18.88      44.45
    -19.13      44.37
    -19.39      44.28
    -19.64      44.19
    -19.89      44.10
    -20.14      44.01
    -20.39      43.92
    -20.64      43.83
    -20.89      43.74
    -21.14      43.65
    -21.39      43.55
    -21.64      43.46
    -21.89      43.36
    -22.14      43.26
    -22.39      43.16
    -22.65      43.06
    -22.90      42.96
    -23.15      42.86
    -23.40      42.76
    -23.65      42.66
    -23.90      42.56
    -24.15      42.45
    -24.40      42.35
    -24.65      42.24
    -24.90      42.14
    -25.15      42.03
    -25.40      41.92
    -25.66      41.81
    -25.91      41.70
    -26.16      41.59
    -26.41      41.48
    -26.66      41.37
    -26.91      41.25
    -27.16      41.14
    -27.41      41.02
    -27.66      40.91
    -27.91      40.79
    -28.16      40.67
    -28.41      40.56
    -28.67      40.44
    -28.92      40.32
    -29.17      40.20
    -29.42      40.08
    -29.67      39.96
    -29.92      39.84
    -30.17      39.71
    -30.42      39.59
    -30.67      39.46
    -30.92      39.34
    -31.17      39.21
    -31.42      39.09
    -31.67      38.96
    -31.93      38.83
    -32.18      38.70
    -32.43      38.58
    -32.68      38.45
    -32.93      38.32
    -33.18      38.19
    -33.43      38.05
    -33.68      37.92
    -33.93      37.79
    -34.18      37.66
    -34.43      37.52
    -34.68      37.39
    -34.94      37.25
    -35.19      37.11
    -35.44      36.98
    -35.69      36.84
    -35.94      36.70
    -36.19      36.57
    -36.44      36.43
    -36.69      36.29
    -36.94      36.15
    -37.19      36.01
    -37.44      35.87
    -37.69      35.72
    -37.94      35.58
    -38.20      35.44
    -38.45      35.30
    -38.70      35.15
    -38.95      35.01
    -39.20      34.86
    -39.45      34.72
    -39.70      34.57
    -39.95      34.42
    -40.20      34.28
    -40.45      34.13
    -40.70      33.98
    -40.95      33.83
    -41.21      33.68
    -41.46      33.54
    -41.71      33.39
    -41.96      33.23
    -42.21      33.08
    -42.46      32.93
    -42.71      32.78
    -42.96      32.63
    -43.21      32.48
    -43.46      32.32
    -43.71      32.17
    -43.96      32.01
    -44.22      31.86
    -44.47      31.71
    -44.72      31.55
    -44.97      31.39
    -45.22      31.24
    -45.47      31.08
    -45.72      30.92
    -45.97      30.77
    -46.22      30.61
    -46.47      30.45
    -46.72      30.29
    -46.97      30.13
    -47.22      29.97
    -47.48      29.81
    -47.73      29.65
    -47.98      29.49
    -48.23      29.33
    -48.48      29.17
    -48.73      29.01
    -48.98      28.85
    -49.23      28.68
    -49.48      28.52
    -49.73      28.36
    -49.98      28.19
    -50.23      28.03
    -50.49      27.87
    -50.74      27.70
    -50.99      27.54
    -51.24      27.37
    -51.49      27.21
    -51.74      27.04
    -51.99      26.87
    -52.24      26.71
    -52.49      26.54
    -52.74      26.37
    -52.99      26.21
    -53.24      26.04
    -53.49      25.87
    -53.75      25.70
    -54.00      25.53
    -54.25      25.36
    -54.50      25.19
    -54.75      25.02
    -55.00      24.85
    -55.25      24.68
    -55.50      24.51
    -55.75      24.34
    -56.00      24.17
    -56.25      24.00
    -56.50      23.83
    -56.76      23.66
    -57.01      23.48
    -57.26      23.31
    -57.51      23.14
    -57.76      22.97
    -58.01      22.79
    -58.26      22.62
    -58.51      22.45
    -58.76      22.27
    -59.01      22.10
    -59.26      21.92
    -59.51      21.75
    -59.76      21.57
    -60.02      21.40
    -60.27      21.22
    -60.52      21.05
    -60.77      20.87
    -61.02      20.70
    -61.27      20.52
    -61.52      20.34
    -61.77      20.17
    -62.02      19.99
    -62.27      19.81
    -62.52      19.63
    -62.77      19.46
    -63.03      19.28
    -63.28      19.10
    -63.53      18.92
    -63.78      18.74
    -64.03      18.57
    -64.28      18.39
    -64.53      18.21
    -64.78      18.03
    -65.03      17.85
    -65.28      17.67
    -65.53      17.49
    -65.78      17.31
    -66.03      17.13
    -66.29      16.95
    -66.54      16.77
    -66.79      16.59
    -67.04      16.41
    -67.29      16.23
    -67.54      16.05
    -67.79      15.87
    -68.04      15.68
    -68.29      15.50
    -68.54      15.32
    -68.79      15.14
    -69.04      14.96
    -69.30      14.78
    -69.55      14.59
    -69.80      14.41
    -70.05      14.23
    -70.30      14.05
    -70.55      13.86
    -70.80      13.68
    -71.05      13.50
    -71.30      13.31
    -71.55      13.13
    -71.80      12.95
    -72.05      12.76
    -72.31      12.58
    -72.56      12.39
    -72.81      12.21
    -73.06      12.03
    -73.31      11.84
    -73.56      11.66
    -73.81      11.47
    -74.06      11.29
    -74.31      11.10
    -74.56      10.92
    -74.81      10.73
    -75.06      10.55
    -75.31      10.36
    -75.57      10.18
    -75.82       9.99
    -76.07       9.81
    -76.32       9.62
    -76.57       9.44
    -76.82       9.25
    -77.07       9.06
    -77.32       8.88
    -77.57       8.69
    -77.82       8.51
    -78.07       8.32
    -78.32       8.13
    -78.58       7.95
    -78.83       7.76
    -79.08       7.57
    -79.33       7.39
    -79.58       7.20
    -79.83       7.01
    -80.08       6.83
    -80.33       6.64
    -80.58       6.45
    -80.83       6.27
    -81.08       6.08
    -81.33       5.89
    -81.58       5.70
    -81.84       5.52
    -82.09       5.33
    -82.34       5.14
    -82.59       4.96
    -82.84       4.77
    -83.09       4.58
    -83.34       4.39
    -83.59       4.20
    -83.84       4.02
    -84.09       3.83
    -84.34       3.64
    -84.59       3.45
    -84.85       3.27
    -85.10       3.08
    -85.35       2.89
    -85.60       2.70
    -85.85       2.51
    -86.10       2.33
    -86.35       2.14
    -86.60       1.95
    -86.85       1.76
    -87.10       1.57
    -87.35       1.39
    -87.60       1.20
    -87.85       1.01
    -88.11       0.82
    -88.36       0.63
    -88.61       0.44
    -88.86       0.26
    -89.11       0.07
 
