     67.36       0.12
     67.11       0.28
     66.86       0.44
     66.61       0.60
     66.36       0.75
     66.11       0.91
     65.86       1.07
     65.60       1.23
     65.35       1.39
     65.10       1.54
     64.85       1.70
     64.60       1.86
     64.35       2.01
     64.10       2.17
     63.85       2.32
     63.60       2.48
     63.35       2.63
     63.09       2.79
     62.84       2.94
     62.59       3.09
     62.34       3.25
     62.09       3.40
     61.84       3.55
     61.59       3.71
     61.34       3.86
     61.09       4.01
     60.84       4.16
     60.59       4.31
     60.33       4.46
     60.08       4.61
     59.83       4.76
     59.58       4.91
     59.33       5.06
     59.08       5.21
     58.83       5.36
     58.58       5.51
     58.33       5.66
     58.08       5.80
     57.82       5.95
     57.57       6.10
     57.32       6.25
     57.07       6.39
     56.82       6.54
     56.57       6.68
     56.32       6.83
     56.07       6.97
     55.82       7.12
     55.57       7.26
     55.32       7.40
     55.06       7.55
     54.81       7.69
     54.56       7.83
     54.31       7.97
     54.06       8.12
     53.81       8.26
     53.56       8.40
     53.31       8.54
     53.06       8.68
     52.81       8.82
     52.55       8.96
     52.30       9.09
     52.05       9.23
     51.80       9.37
     51.55       9.51
     51.30       9.64
     51.05       9.78
     50.80       9.92
     50.55      10.05
     50.30      10.19
     50.05      10.32
     49.79      10.46
     49.54      10.59
     49.29      10.73
     49.04      10.86
     48.79      10.99
     48.54      11.12
     48.29      11.25
     48.04      11.39
     47.79      11.52
     47.54      11.65
     47.28      11.78
     47.03      11.91
     46.78      12.04
     46.53      12.16
     46.28      12.29
     46.03      12.42
     45.78      12.55
     45.53      12.67
     45.28      12.80
     45.03      12.93
     44.78      13.05
     44.52      13.17
     44.27      13.30
     44.02      13.42
     43.77      13.55
     43.52      13.67
     43.27      13.79
     43.02      13.91
     42.77      14.03
     42.52      14.15
     42.27      14.27
     42.01      14.39
     41.76      14.51
     41.51      14.63
     41.26      14.75
     41.01      14.87
     40.76      14.98
     40.51      15.10
     40.26      15.22
     40.01      15.33
     39.76      15.45
     39.51      15.56
     39.25      15.68
     39.00      15.79
     38.75      15.90
     38.50      16.01
     38.25      16.13
     38.00      16.24
     37.75      16.35
     37.50      16.46
     37.25      16.57
     37.00      16.68
     36.74      16.78
     36.49      16.89
     36.24      17.00
     35.99      17.10
     35.74      17.21
     35.49      17.32
     35.24      17.42
     34.99      17.53
     34.74      17.63
     34.49      17.73
     34.23      17.83
     33.98      17.94
     33.73      18.04
     33.48      18.14
     33.23      18.24
     32.98      18.34
     32.73      18.44
     32.48      18.53
     32.23      18.63
     31.98      18.73
     31.73      18.82
     31.47      18.92
     31.22      19.02
     30.97      19.11
     30.72      19.20
     30.47      19.30
     30.22      19.39
     29.97      19.48
     29.72      19.57
     29.47      19.66
     29.22      19.75
     28.96      19.84
     28.71      19.93
     28.46      20.02
     28.21      20.11
     27.96      20.19
     27.71      20.28
     27.46      20.36
     27.21      20.45
     26.96      20.53
     26.71      20.62
     26.46      20.70
     26.20      20.78
     25.95      20.86
     25.70      20.94
     25.45      21.02
     25.20      21.10
     24.95      21.18
     24.70      21.26
     24.45      21.34
     24.20      21.41
     23.95      21.49
     23.69      21.56
     23.44      21.64
     23.19      21.71
     22.94      21.78
     22.69      21.86
     22.44      21.93
     22.19      22.00
     21.94      22.07
     21.69      22.14
     21.44      22.21
     21.19      22.27
     20.93      22.34
     20.68      22.41
     20.43      22.47
     20.18      22.54
     19.93      22.60
     19.68      22.66
     19.43      22.73
     19.18      22.79
     18.93      22.85
     18.68      22.91
     18.42      22.97
     18.17      23.03
     17.92      23.09
     17.67      23.15
     17.42      23.20
     17.17      23.26
     16.92      23.31
     16.67      23.37
     16.42      23.42
     16.17      23.47
     15.92      23.53
     15.66      23.58
     15.41      23.63
     15.16      23.68
     14.91      23.73
     14.66      23.77
     14.41      23.82
     14.16      23.87
     13.91      23.91
     13.66      23.96
     13.41      24.00
     13.15      24.05
     12.90      24.09
     12.65      24.13
     12.40      24.17
     12.15      24.21
     11.90      24.25
     11.65      24.29
     11.40      24.33
     11.15      24.37
     10.90      24.40
     10.65      24.44
     10.39      24.47
     10.14      24.51
      9.89      24.54
      9.64      24.57
      9.39      24.60
      9.14      24.63
      8.89      24.66
      8.64      24.69
      8.39      24.72
      8.14      24.75
      7.88      24.77
      7.63      24.80
      7.38      24.82
      7.13      24.85
      6.88      24.87
      6.63      24.89
      6.38      24.92
      6.13      24.94
      5.88      24.96
      5.63      24.98
      5.38      24.99
      5.12      25.01
      4.87      25.03
      4.62      25.04
      4.37      25.06
      4.12      25.07
      3.87      25.09
      3.62      25.10
      3.37      25.11
      3.12      25.12
      2.87      25.13
      2.61      25.14
      2.36      25.15
      2.11      25.16
      1.86      25.16
      1.61      25.17
      1.36      25.17
      1.11      25.18
      0.86      25.18
      0.61      25.18
      0.36      25.18
      0.11      25.19
      0.15      25.19
      0.40      25.18
     -0.65      25.18
     -0.90      25.18
     -1.15      25.18
     -1.40      25.17
     -1.65      25.17
     -1.90      25.16
     -2.15      25.15
     -2.41      25.15
     -2.66      25.14
     -2.91      25.13
     -3.16      25.12
     -3.41      25.11
     -3.66      25.10
     -3.91      25.08
     -4.16      25.07
     -4.41      25.06
     -4.66      25.04
     -4.91      25.03
     -5.17      25.01
     -5.42      24.99
     -5.67      24.97
     -5.92      24.95
     -6.17      24.93
     -6.42      24.91
     -6.67      24.89
     -6.92      24.87
     -7.17      24.85
     -7.42      24.82
     -7.68      24.80
     -7.93      24.77
     -8.18      24.74
     -8.43      24.72
     -8.68      24.69
     -8.93      24.66
     -9.18      24.63
     -9.43      24.60
     -9.68      24.57
     -9.93      24.53
    -10.18      24.50
    -10.44      24.47
    -10.69      24.43
    -10.94      24.40
    -11.19      24.36
    -11.44      24.32
    -11.69      24.28
    -11.94      24.25
    -12.19      24.21
    -12.44      24.17
    -12.69      24.12
    -12.95      24.08
    -13.20      24.04
    -13.45      24.00
    -13.70      23.95
    -13.95      23.91
    -14.20      23.86
    -14.45      23.81
    -14.70      23.77
    -14.95      23.72
    -15.20      23.67
    -15.46      23.62
    -15.71      23.57
    -15.96      23.52
    -16.21      23.47
    -16.46      23.41
    -16.71      23.36
    -16.96      23.30
    -17.21      23.25
    -17.46      23.19
    -17.71      23.14
    -17.96      23.08
    -18.22      23.02
    -18.47      22.96
    -18.72      22.90
    -18.97      22.84
    -19.22      22.78
    -19.47      22.72
    -19.72      22.65
    -19.97      22.59
    -20.22      22.53
    -20.47      22.46
    -20.73      22.40
    -20.98      22.33
    -21.23      22.26
    -21.48      22.19
    -21.73      22.13
    -21.98      22.06
    -22.23      21.99
    -22.48      21.92
    -22.73      21.84
    -22.98      21.77
    -23.23      21.70
    -23.49      21.62
    -23.74      21.55
    -23.99      21.48
    -24.24      21.40
    -24.49      21.32
    -24.74      21.25
    -24.99      21.17
    -25.24      21.09
    -25.49      21.01
    -25.74      20.93
    -26.00      20.85
    -26.25      20.77
    -26.50      20.69
    -26.75      20.60
    -27.00      20.52
    -27.25      20.44
    -27.50      20.35
    -27.75      20.27
    -28.00      20.18
    -28.25      20.09
    -28.50      20.00
    -28.76      19.92
    -29.01      19.83
    -29.26      19.74
    -29.51      19.65
    -29.76      19.56
    -30.01      19.47
    -30.26      19.37
    -30.51      19.28
    -30.76      19.19
    -31.01      19.09
    -31.27      19.00
    -31.52      18.91
    -31.77      18.81
    -32.02      18.71
    -32.27      18.62
    -32.52      18.52
    -32.77      18.42
    -33.02      18.32
    -33.27      18.22
    -33.52      18.12
    -33.77      18.02
    -34.03      17.92
    -34.28      17.82
    -34.53      17.72
    -34.78      17.61
    -35.03      17.51
    -35.28      17.40
    -35.53      17.30
    -35.78      17.19
    -36.03      17.09
    -36.28      16.98
    -36.54      16.87
    -36.79      16.77
    -37.04      16.66
    -37.29      16.55
    -37.54      16.44
    -37.79      16.33
    -38.04      16.22
    -38.29      16.11
    -38.54      16.00
    -38.79      15.88
    -39.04      15.77
    -39.30      15.66
    -39.55      15.54
    -39.80      15.43
    -40.05      15.31
    -40.30      15.20
    -40.55      15.08
    -40.80      14.97
    -41.05      14.85
    -41.30      14.73
    -41.55      14.61
    -41.81      14.49
    -42.06      14.38
    -42.31      14.26
    -42.56      14.14
    -42.81      14.01
    -43.06      13.89
    -43.31      13.77
    -43.56      13.65
    -43.81      13.53
    -44.06      13.40
    -44.31      13.28
    -44.57      13.16
    -44.82      13.03
    -45.07      12.91
    -45.32      12.78
    -45.57      12.65
    -45.82      12.53
    -46.07      12.40
    -46.32      12.27
    -46.57      12.14
    -46.82      12.01
    -47.08      11.89
    -47.33      11.76
    -47.58      11.63
    -47.83      11.50
    -48.08      11.37
    -48.33      11.23
    -48.58      11.10
    -48.83      10.97
    -49.08      10.84
    -49.33      10.70
    -49.58      10.57
    -49.84      10.44
    -50.09      10.30
    -50.34      10.17
    -50.59      10.03
    -50.84       9.90
    -51.09       9.76
    -51.34       9.62
    -51.59       9.49
    -51.84       9.35
    -52.09       9.21
    -52.35       9.07
    -52.60       8.93
    -52.85       8.79
    -53.10       8.65
    -53.35       8.51
    -53.60       8.37
    -53.85       8.23
    -54.10       8.09
    -54.35       7.95
    -54.60       7.81
    -54.85       7.67
    -55.11       7.52
    -55.36       7.38
    -55.61       7.24
    -55.86       7.09
    -56.11       6.95
    -56.36       6.80
    -56.61       6.66
    -56.86       6.51
    -57.11       6.37
    -57.36       6.22
    -57.62       6.08
    -57.87       5.93
    -58.12       5.78
    -58.37       5.63
    -58.62       5.49
    -58.87       5.34
    -59.12       5.19
    -59.37       5.04
    -59.62       4.89
    -59.87       4.74
    -60.12       4.59
    -60.38       4.44
    -60.63       4.29
    -60.88       4.14
    -61.13       3.99
    -61.38       3.83
    -61.63       3.68
    -61.88       3.53
    -62.13       3.38
    -62.38       3.22
    -62.63       3.07
    -62.89       2.92
    -63.14       2.76
    -63.39       2.61
    -63.64       2.45
    -63.89       2.30
    -64.14       2.14
    -64.39       1.99
    -64.64       1.83
    -64.89       1.67
    -65.14       1.52
    -65.39       1.36
    -65.65       1.20
    -65.90       1.05
    -66.15       0.89
    -66.40       0.73
    -66.65       0.57
    -66.90       0.41
    -67.15       0.25
    -67.40       0.09
 
