    112.26       0.12
    112.01       0.28
    111.76       0.44
    111.51       0.60
    111.26       0.76
    111.00       0.92
    110.75       1.08
    110.50       1.24
    110.25       1.40
    110.00       1.57
    109.75       1.73
    109.50       1.89
    109.25       2.06
    109.00       2.22
    108.75       2.38
    108.50       2.55
    108.25       2.71
    107.99       2.87
    107.74       3.04
    107.49       3.20
    107.24       3.37
    106.99       3.53
    106.74       3.70
    106.49       3.87
    106.24       4.03
    105.99       4.20
    105.74       4.37
    105.49       4.53
    105.23       4.70
    104.98       4.87
    104.73       5.03
    104.48       5.20
    104.23       5.37
    103.98       5.54
    103.73       5.71
    103.48       5.88
    103.23       6.04
    102.98       6.21
    102.73       6.38
    102.47       6.55
    102.22       6.72
    101.97       6.89
    101.72       7.06
    101.47       7.23
    101.22       7.40
    100.97       7.58
    100.72       7.75
    100.47       7.92
    100.22       8.09
     99.97       8.26
     99.71       8.43
     99.46       8.61
     99.21       8.78
     98.96       8.95
     98.71       9.12
     98.46       9.30
     98.21       9.47
     97.96       9.64
     97.71       9.82
     97.46       9.99
     97.21      10.17
     96.95      10.34
     96.70      10.51
     96.45      10.69
     96.20      10.86
     95.95      11.04
     95.70      11.21
     95.45      11.39
     95.20      11.56
     94.95      11.74
     94.70      11.92
     94.45      12.09
     94.19      12.27
     93.94      12.44
     93.69      12.62
     93.44      12.80
     93.19      12.97
     92.94      13.15
     92.69      13.33
     92.44      13.51
     92.19      13.68
     91.94      13.86
     91.69      14.04
     91.43      14.22
     91.18      14.40
     90.93      14.57
     90.68      14.75
     90.43      14.93
     90.18      15.11
     89.93      15.29
     89.68      15.47
     89.43      15.65
     89.18      15.83
     88.93      16.01
     88.68      16.19
     88.42      16.37
     88.17      16.55
     87.92      16.73
     87.67      16.91
     87.42      17.09
     87.17      17.27
     86.92      17.45
     86.67      17.63
     86.42      17.81
     86.17      17.99
     85.92      18.17
     85.66      18.35
     85.41      18.54
     85.16      18.72
     84.91      18.90
     84.66      19.08
     84.41      19.26
     84.16      19.45
     83.91      19.63
     83.66      19.81
     83.41      19.99
     83.16      20.18
     82.90      20.36
     82.65      20.54
     82.40      20.72
     82.15      20.91
     81.90      21.09
     81.65      21.27
     81.40      21.46
     81.15      21.64
     80.90      21.83
     80.65      22.01
     80.40      22.19
     80.14      22.38
     79.89      22.56
     79.64      22.75
     79.39      22.93
     79.14      23.11
     78.89      23.30
     78.64      23.48
     78.39      23.67
     78.14      23.85
     77.89      24.04
     77.64      24.22
     77.38      24.41
     77.13      24.59
     76.88      24.78
     76.63      24.96
     76.38      25.15
     76.13      25.33
     75.88      25.52
     75.63      25.71
     75.38      25.89
     75.13      26.08
     74.88      26.26
     74.62      26.45
     74.37      26.64
     74.12      26.82
     73.87      27.01
     73.62      27.19
     73.37      27.38
     73.12      27.57
     72.87      27.75
     72.62      27.94
     72.37      28.13
     72.12      28.31
     71.86      28.50
     71.61      28.69
     71.36      28.87
     71.11      29.06
     70.86      29.25
     70.61      29.43
     70.36      29.62
     70.11      29.81
     69.86      30.00
     69.61      30.18
     69.36      30.37
     69.10      30.56
     68.85      30.75
     68.60      30.93
     68.35      31.12
     68.10      31.31
     67.85      31.50
     67.60      31.68
     67.35      31.87
     67.10      32.06
     66.85      32.25
     66.60      32.43
     66.35      32.62
     66.09      32.81
     65.84      33.00
     65.59      33.19
     65.34      33.37
     65.09      33.56
     64.84      33.75
     64.59      33.94
     64.34      34.13
     64.09      34.31
     63.84      34.50
     63.59      34.69
     63.33      34.88
     63.08      35.07
     62.83      35.26
     62.58      35.44
     62.33      35.63
     62.08      35.82
     61.83      36.01
     61.58      36.20
     61.33      36.39
     61.08      36.57
     60.83      36.76
     60.57      36.95
     60.32      37.14
     60.07      37.33
     59.82      37.51
     59.57      37.70
     59.32      37.89
     59.07      38.08
     58.82      38.27
     58.57      38.46
     58.32      38.64
     58.07      38.83
     57.81      39.02
     57.56      39.21
     57.31      39.40
     57.06      39.59
     56.81      39.77
     56.56      39.96
     56.31      40.15
     56.06      40.34
     55.81      40.53
     55.56      40.71
     55.31      40.90
     55.05      41.09
     54.80      41.28
     54.55      41.47
     54.30      41.65
     54.05      41.84
     53.80      42.03
     53.55      42.22
     53.30      42.40
     53.05      42.59
     52.80      42.78
     52.55      42.97
     52.29      43.15
     52.04      43.34
     51.79      43.53
     51.54      43.72
     51.29      43.90
     51.04      44.09
     50.79      44.28
     50.54      44.46
     50.29      44.65
     50.04      44.84
     49.79      45.02
     49.53      45.21
     49.28      45.40
     49.03      45.58
     48.78      45.77
     48.53      45.96
     48.28      46.14
     48.03      46.33
     47.78      46.51
     47.53      46.70
     47.28      46.89
     47.03      47.07
     46.77      47.26
     46.52      47.44
     46.27      47.63
     46.02      47.81
     45.77      48.00
     45.52      48.18
     45.27      48.37
     45.02      48.55
     44.77      48.74
     44.52      48.92
     44.27      49.11
     44.01      49.29
     43.76      49.47
     43.51      49.66
     43.26      49.84
     43.01      50.02
     42.76      50.21
     42.51      50.39
     42.26      50.57
     42.01      50.76
     41.76      50.94
     41.51      51.12
     41.25      51.30
     41.00      51.49
     40.75      51.67
     40.50      51.85
     40.25      52.03
     40.00      52.21
     39.75      52.39
     39.50      52.57
     39.25      52.76
     39.00      52.94
     38.75      53.12
     38.49      53.30
     38.24      53.48
     37.99      53.66
     37.74      53.83
     37.49      54.01
     37.24      54.19
     36.99      54.37
     36.74      54.55
     36.49      54.73
     36.24      54.91
     35.99      55.08
     35.73      55.26
     35.48      55.44
     35.23      55.61
     34.98      55.79
     34.73      55.97
     34.48      56.14
     34.23      56.32
     33.98      56.49
     33.73      56.67
     33.48      56.84
     33.23      57.02
     32.97      57.19
     32.72      57.36
     32.47      57.54
     32.22      57.71
     31.97      57.88
     31.72      58.05
     31.47      58.22
     31.22      58.39
     30.97      58.56
     30.72      58.74
     30.47      58.90
     30.21      59.07
     29.96      59.24
     29.71      59.41
     29.46      59.58
     29.21      59.75
     28.96      59.91
     28.71      60.08
     28.46      60.25
     28.21      60.41
     27.96      60.58
     27.71      60.74
     27.45      60.91
     27.20      61.07
     26.95      61.23
     26.70      61.40
     26.45      61.56
     26.20      61.72
     25.95      61.88
     25.70      62.04
     25.45      62.20
     25.20      62.36
     24.95      62.52
     24.69      62.67
     24.44      62.83
     24.19      62.99
     23.94      63.14
     23.69      63.30
     23.44      63.45
     23.19      63.60
     22.94      63.76
     22.69      63.91
     22.44      64.06
     22.19      64.21
     21.94      64.36
     21.68      64.51
     21.43      64.66
     21.18      64.80
     20.93      64.95
     20.68      65.10
     20.43      65.24
     20.18      65.38
     19.93      65.53
     19.68      65.67
     19.43      65.81
     19.18      65.95
     18.92      66.09
     18.67      66.22
     18.42      66.36
     18.17      66.50
     17.92      66.63
     17.67      66.76
     17.42      66.90
     17.17      67.03
     16.92      67.16
     16.67      67.29
     16.42      67.41
     16.16      67.54
     15.91      67.67
     15.66      67.79
     15.41      67.91
     15.16      68.03
     14.91      68.15
     14.66      68.27
     14.41      68.39
     14.16      68.51
     13.91      68.62
     13.66      68.73
     13.40      68.85
     13.15      68.96
     12.90      69.07
     12.65      69.17
     12.40      69.28
     12.15      69.38
     11.90      69.48
     11.65      69.59
     11.40      69.68
     11.15      69.78
     10.90      69.88
     10.64      69.97
     10.39      70.06
     10.14      70.16
      9.89      70.24
      9.64      70.33
      9.39      70.42
      9.14      70.50
      8.89      70.58
      8.64      70.66
      8.39      70.74
      8.14      70.81
      7.88      70.89
      7.63      70.96
      7.38      71.03
      7.13      71.09
      6.88      71.16
      6.63      71.22
      6.38      71.28
      6.13      71.34
      5.88      71.40
      5.63      71.45
      5.38      71.50
      5.12      71.55
      4.87      71.60
      4.62      71.65
      4.37      71.69
      4.12      71.73
      3.87      71.77
      3.62      71.81
      3.37      71.84
      3.12      71.87
      2.87      71.90
      2.62      71.93
      2.36      71.95
      2.11      71.97
      1.86      71.99
      1.61      72.01
      1.36      72.02
      1.11      72.03
      0.86      72.04
      0.61      72.05
      0.36      72.06
      0.11      72.06
      0.15      72.06
      0.40      72.06
     -0.65      72.05
     -0.90      72.04
     -1.15      72.03
     -1.40      72.02
     -1.65      72.01
     -1.90      71.99
     -2.15      71.97
     -2.40      71.95
     -2.65      71.92
     -2.91      71.89
     -3.16      71.87
     -3.41      71.83
     -3.66      71.80
     -3.91      71.76
     -4.16      71.72
     -4.41      71.68
     -4.66      71.64
     -4.91      71.59
     -5.16      71.55
     -5.41      71.50
     -5.67      71.44
     -5.92      71.39
     -6.17      71.33
     -6.42      71.27
     -6.67      71.21
     -6.92      71.15
     -7.17      71.08
     -7.42      71.01
     -7.67      70.95
     -7.92      70.87
     -8.17      70.80
     -8.43      70.72
     -8.68      70.65
     -8.93      70.57
     -9.18      70.49
     -9.43      70.40
     -9.68      70.32
     -9.93      70.23
    -10.18      70.14
    -10.43      70.05
    -10.68      69.96
    -10.93      69.86
    -11.19      69.77
    -11.44      69.67
    -11.69      69.57
    -11.94      69.47
    -12.19      69.37
    -12.44      69.26
    -12.69      69.16
    -12.94      69.05
    -13.19      68.94
    -13.44      68.83
    -13.69      68.72
    -13.95      68.60
    -14.20      68.49
    -14.45      68.37
    -14.70      68.25
    -14.95      68.14
    -15.20      68.02
    -15.45      67.89
    -15.70      67.77
    -15.95      67.65
    -16.20      67.52
    -16.45      67.39
    -16.71      67.27
    -16.96      67.14
    -17.21      67.01
    -17.46      66.88
    -17.71      66.74
    -17.96      66.61
    -18.21      66.47
    -18.46      66.34
    -18.71      66.20
    -18.96      66.06
    -19.21      65.93
    -19.47      65.79
    -19.72      65.64
    -19.97      65.50
    -20.22      65.36
    -20.47      65.22
    -20.72      65.07
    -20.97      64.93
    -21.22      64.78
    -21.47      64.63
    -21.72      64.48
    -21.97      64.34
    -22.23      64.19
    -22.48      64.04
    -22.73      63.88
    -22.98      63.73
    -23.23      63.58
    -23.48      63.43
    -23.73      63.27
    -23.98      63.12
    -24.23      62.96
    -24.48      62.80
    -24.73      62.65
    -24.99      62.49
    -25.24      62.33
    -25.49      62.17
    -25.74      62.01
    -25.99      61.85
    -26.24      61.69
    -26.49      61.53
    -26.74      61.37
    -26.99      61.21
    -27.24      61.04
    -27.49      60.88
    -27.75      60.72
    -28.00      60.55
    -28.25      60.39
    -28.50      60.22
    -28.75      60.05
    -29.00      59.89
    -29.25      59.72
    -29.50      59.55
    -29.75      59.38
    -30.00      59.22
    -30.25      59.05
    -30.51      58.88
    -30.76      58.71
    -31.01      58.54
    -31.26      58.37
    -31.51      58.20
    -31.76      58.02
    -32.01      57.85
    -32.26      57.68
    -32.51      57.51
    -32.76      57.33
    -33.01      57.16
    -33.27      56.99
    -33.52      56.81
    -33.77      56.64
    -34.02      56.46
    -34.27      56.29
    -34.52      56.11
    -34.77      55.94
    -35.02      55.76
    -35.27      55.58
    -35.52      55.41
    -35.77      55.23
    -36.03      55.05
    -36.28      54.88
    -36.53      54.70
    -36.78      54.52
    -37.03      54.34
    -37.28      54.16
    -37.53      53.98
    -37.78      53.81
    -38.03      53.63
    -38.28      53.45
    -38.53      53.27
    -38.79      53.09
    -39.04      52.91
    -39.29      52.73
    -39.54      52.54
    -39.79      52.36
    -40.04      52.18
    -40.29      52.00
    -40.54      51.82
    -40.79      51.64
    -41.04      51.46
    -41.29      51.27
    -41.55      51.09
    -41.80      50.91
    -42.05      50.73
    -42.30      50.54
    -42.55      50.36
    -42.80      50.18
    -43.05      49.99
    -43.30      49.81
    -43.55      49.63
    -43.80      49.44
    -44.05      49.26
    -44.30      49.07
    -44.56      48.89
    -44.81      48.71
    -45.06      48.52
    -45.31      48.34
    -45.56      48.15
    -45.81      47.97
    -46.06      47.78
    -46.31      47.60
    -46.56      47.41
    -46.81      47.23
    -47.06      47.04
    -47.32      46.85
    -47.57      46.67
    -47.82      46.48
    -48.07      46.30
    -48.32      46.11
    -48.57      45.92
    -48.82      45.74
    -49.07      45.55
    -49.32      45.37
    -49.57      45.18
    -49.82      44.99
    -50.08      44.81
    -50.33      44.62
    -50.58      44.43
    -50.83      44.25
    -51.08      44.06
    -51.33      43.87
    -51.58      43.68
    -51.83      43.50
    -52.08      43.31
    -52.33      43.12
    -52.58      42.93
    -52.84      42.75
    -53.09      42.56
    -53.34      42.37
    -53.59      42.18
    -53.84      42.00
    -54.09      41.81
    -54.34      41.62
    -54.59      41.43
    -54.84      41.25
    -55.09      41.06
    -55.34      40.87
    -55.60      40.68
    -55.85      40.49
    -56.10      40.31
    -56.35      40.12
    -56.60      39.93
    -56.85      39.74
    -57.10      39.55
    -57.35      39.37
    -57.60      39.18
    -57.85      38.99
    -58.10      38.80
    -58.36      38.61
    -58.61      38.42
    -58.86      38.24
    -59.11      38.05
    -59.36      37.86
    -59.61      37.67
    -59.86      37.48
    -60.11      37.29
    -60.36      37.11
    -60.61      36.92
    -60.86      36.73
    -61.12      36.54
    -61.37      36.35
    -61.62      36.17
    -61.87      35.98
    -62.12      35.79
    -62.37      35.60
    -62.62      35.41
    -62.87      35.22
    -63.12      35.04
    -63.37      34.85
    -63.62      34.66
    -63.88      34.47
    -64.13      34.28
    -64.38      34.09
    -64.63      33.91
    -64.88      33.72
    -65.13      33.53
    -65.38      33.34
    -65.63      33.15
    -65.88      32.97
    -66.13      32.78
    -66.38      32.59
    -66.64      32.40
    -66.89      32.22
    -67.14      32.03
    -67.39      31.84
    -67.64      31.65
    -67.89      31.46
    -68.14      31.28
    -68.39      31.09
    -68.64      30.90
    -68.89      30.71
    -69.14      30.53
    -69.40      30.34
    -69.65      30.15
    -69.90      29.96
    -70.15      29.78
    -70.40      29.59
    -70.65      29.40
    -70.90      29.22
    -71.15      29.03
    -71.40      28.84
    -71.65      28.66
    -71.90      28.47
    -72.16      28.28
    -72.41      28.09
    -72.66      27.91
    -72.91      27.72
    -73.16      27.53
    -73.41      27.35
    -73.66      27.16
    -73.91      26.98
    -74.16      26.79
    -74.41      26.60
    -74.66      26.42
    -74.92      26.23
    -75.17      26.05
    -75.42      25.86
    -75.67      25.67
    -75.92      25.49
    -76.17      25.30
    -76.42      25.12
    -76.67      24.93
    -76.92      24.75
    -77.17      24.56
    -77.42      24.38
    -77.67      24.19
    -77.93      24.01
    -78.18      23.82
    -78.43      23.64
    -78.68      23.45
    -78.93      23.27
    -79.18      23.08
    -79.43      22.90
    -79.68      22.71
    -79.93      22.53
    -80.18      22.35
    -80.43      22.16
    -80.69      21.98
    -80.94      21.79
    -81.19      21.61
    -81.44      21.43
    -81.69      21.24
    -81.94      21.06
    -82.19      20.88
    -82.44      20.69
    -82.69      20.51
    -82.94      20.33
    -83.19      20.14
    -83.45      19.96
    -83.70      19.78
    -83.95      19.60
    -84.20      19.41
    -84.45      19.23
    -84.70      19.05
    -84.95      18.87
    -85.20      18.69
    -85.45      18.50
    -85.70      18.32
    -85.95      18.14
    -86.21      17.96
    -86.46      17.78
    -86.71      17.60
    -86.96      17.42
    -87.21      17.24
    -87.46      17.06
    -87.71      16.88
    -87.96      16.70
    -88.21      16.52
    -88.46      16.34
    -88.71      16.16
    -88.97      15.98
    -89.22      15.80
    -89.47      15.62
    -89.72      15.44
    -89.97      15.26
    -90.22      15.08
    -90.47      14.90
    -90.72      14.72
    -90.97      14.54
    -91.22      14.36
    -91.47      14.19
    -91.73      14.01
    -91.98      13.83
    -92.23      13.65
    -92.48      13.47
    -92.73      13.30
    -92.98      13.12
    -93.23      12.94
    -93.48      12.77
    -93.73      12.59
    -93.98      12.41
    -94.23      12.24
    -94.49      12.06
    -94.74      11.88
    -94.99      11.71
    -95.24      11.53
    -95.49      11.36
    -95.74      11.18
    -95.99      11.01
    -96.24      10.83
    -96.49      10.66
    -96.74      10.48
    -96.99      10.31
    -97.24      10.13
    -97.50       9.96
    -97.75       9.79
    -98.00       9.61
    -98.25       9.44
    -98.50       9.27
    -98.75       9.09
    -99.00       8.92
    -99.25       8.75
    -99.50       8.58
    -99.75       8.40
   -100.00       8.23
   -100.26       8.06
   -100.51       7.89
   -100.76       7.72
   -101.01       7.54
   -101.26       7.37
   -101.51       7.20
   -101.76       7.03
   -102.01       6.86
   -102.26       6.69
   -102.51       6.52
   -102.76       6.35
   -103.02       6.18
   -103.27       6.01
   -103.52       5.85
   -103.77       5.68
   -104.02       5.51
   -104.27       5.34
   -104.52       5.17
   -104.77       5.00
   -105.02       4.84
   -105.27       4.67
   -105.52       4.50
   -105.78       4.33
   -106.03       4.17
   -106.28       4.00
   -106.53       3.84
   -106.78       3.67
   -107.03       3.50
   -107.28       3.34
   -107.53       3.17
   -107.78       3.01
   -108.03       2.84
   -108.28       2.68
   -108.54       2.52
   -108.79       2.35
   -109.04       2.19
   -109.29       2.03
   -109.54       1.86
   -109.79       1.70
   -110.04       1.54
   -110.29       1.37
   -110.54       1.21
   -110.79       1.05
   -111.04       0.89
   -111.30       0.73
   -111.55       0.57
   -111.80       0.41
   -112.05       0.25
   -112.30       0.09
 
